0 7.530827589739504
300 7.4469246398752444
600 7.366248726544225
900 7.28664849205762
1200 7.205972578726601
1500 7.126372344239996
1800 7.048923467442218
2100 6.995139525221539
2400 6.957490765667063
2700 6.919842006112588
3000 6.882193246558112
3300 6.844544487003637
3600 6.806895727449162
3900 6.769246967894686
4200 6.731598208340211
4500 6.695025127630149
4800 6.660603404608914
5100 6.6261816815876795
5400 6.624030323898853
5700 6.640165506565056
6000 6.657376368075673
6300 6.6735115507418765
6600 6.690722412252494
6900 6.706857594918699
7200 6.724068456429316
7500 6.732673887184625
7800 6.732673887184625
8100 6.732673887184625
8400 6.732673887184625
8700 6.732673887184625
9000 6.732673887184625
9300 6.732673887184625
9600 6.732673887184625
9900 6.732673887184625
10200 6.732673887184625
10500 6.732673887184625
10800 6.732673887184625
11100 6.732673887184625
11400 6.732673887184625
11700 6.732673887184625
12000 6.732673887184625
12300 6.732673887184625
12600 6.732673887184625
12900 6.732673887184625
13200 6.732673887184625
13500 6.732673887184625
13800 6.732673887184625
14100 6.732673887184625
14400 6.732673887184625
14700 6.732673887184625
15000 6.732673887184625
15300 6.742354996784346
15600 6.824106588959779
15900 6.919842006112588
16200 7.015577423265397
16500 7.11238851926262
16800 7.210275294104256
17100 7.308162068945891
17400 7.379156872677188
17700 7.40067044956546
18000 7.4211083476093185
18300 7.441546245653177
18600 7.46090846485262
18900 7.4813463628964785
19200 7.501784260940338
19500 7.4942545090294415
19800 7.4469246398752444
20100 7.40067044956546
20400 7.353340580411262
20700 7.307086390101478
21000 7.25975652094728
21300 7.213502330637497
21600 7.167248140327713
21900 7.123145307706755
22200 7.0790424750857985
22500 7.034939642464841
22800 6.990836809843884
23100 6.9467339772229275
23400 6.90263114460197
23700 6.858528311981014
24000 6.8144254793600565
24300 6.7972146178494395
24600 6.798290296693853
24900 6.80044165438268
25200 6.801517333227094
25500 6.803668690915921
25800 6.804744369760334
26100 6.8058200486047475
26400 6.807971406293575
26700 6.809047085137989
27000 6.811198442826815
27300 6.81227412167123
27600 6.8144254793600565
27900 6.81550115820447
28200 6.817652515893298
28500 6.818728194737711
28800 6.819803873582124
29100 6.821955231270951
29400 6.823030910115365
29700 6.825182267804192
30000 6.826257946648606
30300 6.843468808159224
30600 6.918766327268175
30900 6.9983665617547794
31200 7.077966796241385
31500 7.158642709572404
31800 7.242545659436662
32100 7.326448609300923
32400 7.410351559165182
32700 7.495330187873855
33000 7.5835358531157695
33300 7.671741518357683
33600 7.7588715047551835
33900 7.755644468221943
34200 7.695406452934782
34500 7.636244116492035
34800 7.624411649203486
35100 7.633017079958794
35400 7.641622510714103
35700 7.649152262624998
36000 7.657757693380306
36300 7.666363124135615
36600 7.67389287604651
36900 7.682498306801819
37200 7.691103737557128
37500 7.698633489468023
37800 7.707238920223332
38100 7.7158443509786405
38400 7.719071387511881
38700 7.697557810623609
39000 7.67389287604651
39300 7.649152262624998
39600 7.6265630068923125
39900 7.636244116492035
40200 7.6599090510691346
40500 7.683573985646232
40800 7.707238920223332
41100 7.730903854800431
41400 7.754568789377529
41700 7.778233723954628
42000 7.801898658531727
42300 7.825563593108826
42600 7.849228527685924
42900 7.872893462263024
43200 7.919147652572808
43500 8.146115888744074
43800 8.389219307581545
44100 8.432246461358087
44400 8.43009510366926
44700 8.426868067136018
45000 8.423641030602779
45300 8.420413994069538
45600 8.41826263638071
45900 8.41503559984747
46200 8.41180856331423
46500 8.408581526780988
46800 8.406430169092161
47100 8.403203132558922
47400 8.39997609602568
47700 8.39674905949244
48000 8.393522022959198
48300 8.39137066527037
48600 8.388143628737131
48900 8.38491659220389
49200 8.381689555670649
49500 8.379538197981821
49800 8.37631116144858
50100 8.37308412491534
50400 8.3698570883821
50700 8.367705730693272
51000 8.366630051848858
51300 8.441927570957809
51600 8.551646813087995
51900 8.66136605521818
52200 8.77538801272602
52500 8.87112342987883
52800 8.876501824100899
53100 8.872199108723242
53400 8.867896393345589
53700 8.864669356812348
54000 8.860366641434695
54300 8.85606392605704
54600 8.851761210679385
54900 8.848534174146145
55200 8.84423145876849
55500 8.839928743390836
55800 8.836701706857594
56100 8.832398991479941
56400 8.828096276102286
56700 8.823793560724631
57000 8.82056652419139
57300 8.816263808813737
57600 8.811961093436082
57900 8.807658378058429
58200 8.804431341525188
58500 8.825944918413459
58800 8.868972072190001
59100 8.911999225966547
59400 8.956102058587504
59700 8.999129212364046
60000 9.043232044985004
60300 9.086259198761546
60600 9.130362031382504
60900 9.173389185159047
61200 9.217492017780005
61500 9.260519171556547
61800 9.304622004177505
62100 9.347649157954047
62400 9.470276546217196
62700 10.069429662555564
63000 10.339425052503373
63300 10.263051854550008
63600 10.185602977752229
63900 10.108154100954453
64200 10.035007939534328
64500 10.097397312510317
64800 10.235084204595255
65100 10.37169541783578
65400 10.514760704142788
65700 10.65675031160538
66000 10.736350546091984
66300 10.791210167157077
66600 10.84606978822217
66900 10.900929409287263
67200 10.95686470919677
67500 11.011724330261863
67800 11.066583951326956
68100 11.121443572392048
68400 11.164470726168592
68700 11.055827162882819
69000 10.900929409287263
69300 10.746031655691707
69600 10.590058223251738
69900 10.47926330227714
70200 10.483566017654793
70500 10.494322806098928
70800 10.504003915698652
71100 10.480338981121552
71400 10.14042446628686
71700 9.733817863098524
72000 9.365935698309078
72300 9.696169103544047
72600 10.351257519791922
72900 11.045070374438684
73200 11.773304952106681
73500 12.517674712440881
73800 13.132963011445451
74100 12.922129957940388
74400 12.563928902750664
74700 12.20572784756094
75000 11.846451113526804
75300 11.489325737181494
75600 11.140805791591491
75900 10.918140270797881
76200 10.904156445820504
76500 10.894475336220783
76800 10.884794226621059
77100 10.903080766976089
77400 11.487174379492666
77700 11.711991257975106
78000 11.772229273262267
78300 11.833542967393841
78600 11.894856661525415
78900 11.955094676812577
79200 12.255209074403966
79500 12.884481198385913
79800 13.523434431967582
80100 14.15593359248277
80400 14.458199347762987
80700 14.689470299311909
81000 14.912135820105519
81300 14.962692725792957
81600 14.950860258504408
81900 14.937952112371446
82200 14.926119645082895
82500 14.765843497265273
82800 14.43776144971913
83100 14.109679402172986
83400 13.783748712315669
83700 13.534191220411719
84000 13.52558578965641
84300 13.536342578100545
84600 13.54709936654468
84900 13.558931833833231
85200 13.569688622277367
85500 13.580445410721502
85800 13.59227787801005
86100 13.603034666454189
86400 13.613791454898324
86700 13.625623922186872
87000 13.636380710631007
87300 13.647137499075143
87600 13.656818608674866
87900 13.649288856763972
88200 13.637456389475423
88500 13.625623922186872
88800 13.614867133742736
89100 13.603034666454189
89400 13.591202199165638
89700 13.579369731877089
90000 13.567537264588537
90300 13.55570479729999
90600 13.544948008855854
90900 13.533115541567303
91200 13.521283074278754
91500 13.490088387790761
91800 13.410488153304156
92100 13.32766088228431
92400 13.245909290108877
92700 13.163082019089032
93000 13.080254748069185
93300 12.997427477049339
93600 12.915675884873906
93900 12.832848613854061
94200 12.755399737056283
94500 12.705918510213257
94800 12.660739998747887
95100 12.615561487282516
95400 12.570382975817147
95700 12.525204464351775
96000 12.481101631730818
96300 12.466042127909029
96600 12.466042127909029
96900 12.466042127909029
97200 12.466042127909029
97500 12.466042127909029
97800 12.466042127909029
98100 12.466042127909029
98400 12.466042127909029
98700 12.466042127909029
99000 12.466042127909029
99300 12.466042127909029
99600 12.466042127909029
99900 12.466042127909029
100200 12.466042127909029
100500 12.466042127909029
100800 12.466042127909029
101100 12.466042127909029
101400 12.466042127909029
101700 12.466042127909029
102000 12.466042127909029
102300 12.466042127909029
102600 12.466042127909029
102900 12.511220639374399
103200 12.602653341149553
103500 12.693010364080296
103800 12.783367387011037
104100 12.87480008878619
104400 12.961930075183691
104700 12.978065257849893
105000 12.961930075183691
105300 12.945794892517487
105600 12.930735388695698
105900 12.914600206029494
106200 12.995276119360511
106500 14.36891800367666
106800 14.394734295942584
107100 14.394734295942584
107400 14.394734295942584
107700 14.394734295942584
108000 14.396885653631413
108300 14.520588720738974
108600 14.714210912733419
108900 14.907833104727866
109200 15.102530975566722
109500 15.140179735121198
109800 14.874487060551044
110100 14.6335349994024
110400 14.576524020648481
110700 14.549632049538141
111000 14.521664399583388
111300 14.494772428473048
111600 14.466804778518295
111900 13.864424625646688
112200 12.040073305521249
112500 10.60619340591794
112800 10.07480805677763
113100 9.602585044080067
113400 9.145421535204294
113700 11.848602471215631
114000 17.533565163941425
114300 18.121961491835656
114600 18.004712497794575
114900 18.353232443384577
115200 20.18511351542091
115500 22.17511937758604
115800 24.241498437704536
116100 25.43765331269244
116400 23.5100368235033
116700 21.378041353875574
117000 20.523952351411186
117300 20.669168995407023
117600 20.49168198607878
117900 20.031291440669765
118200 19.56982521641634
118500 19.110510349851737
118800 18.8222284195489
119100 19.795717773743192
119400 21.060716094773568
119700 22.346152313847803
120000 22.378422679180208
120300 21.07039720437329
120600 19.784960985299058
120900 18.52641673733516
121200 18.593108825688805
121500 18.304826895385965
121800 17.772365867401238
122100 17.238829160572102
122400 16.70744381143179
122700 16.18251253535796
123000 15.682321872705646
123300 17.654041194515745
123600 17.999334103572508
123900 18.070328907303804
124200 18.14239938987951
124500 18.213394193610807
124800 18.41454613751615
125100 20.914423771933322
125400 21.50497145751638
125700 21.37481431734233
126000 21.248959892545944
126300 21.238203104101807
126600 21.276927542500697
126900 21.314576302055173
127200 21.35330074045406
127500 21.268322111745388
127800 20.732634047227425
128100 20.156070186621744
128400 20.584190366698348
128700 22.449417482911507
129000 22.416071438734683
129300 22.382725394557863
129600 22.540850184686658
129900 23.892978492114533
130200 24.072616859131603
130500 24.06293574953188
130800 24.05433031877657
131100 24.04464920917685
131400 24.034968099577128
131700 24.026362668821818
132000 25.50972379526815
132300 27.92462280097665
132600 28.389316061763317
132900 28.794846986107235
133200 28.841101176417023
133500 28.422662105940137
133800 29.102491135609522
134100 30.345975879751624
134400 31.617428273848486
134700 33.02118916580821
135000 34.448614992345036
135300 35.88572192848158
135600 38.01233900388724
135900 40.58213576319129
136200 43.16914338400596
136500 45.76475643557595
136800 48.557218715673606
137100 48.33885591025766
137400 40.24544828488985
137700 40.44982726532842
138000 42.020318378172256
138300 43.58650677563844
138600 43.15838659556183
138900 41.086629141221266
139200 39.76999823565904
139500 40.29815654826611
139800 43.9715998019385
140100 50.97426907907093
140400 58.59545369174118
140700 65.06888897742213
141000 64.25782712873429
141300 62.559330233405234
141600 60.900633455319486
141900 61.88487959795792
142200 64.60204435894663
142500 67.39988503326637
142800 70.20740681718583
143100 73.02245835301618
143400 75.78695298315908
143700 76.37104659567567
144000 76.29897611309994
144300 76.30973290154408
144600 76.88522108330535
144900 77.56935282835238
145200 78.25240889455502
145500 78.93654063960206
145800 79.57979658856138
146100 79.50557474829685
146400 79.1688872699954
146700 78.83327547053835
147000 78.49766367108131
147300 78.16097619277987
147600 77.82536439332281
147900 77.48975259386579
148200 77.19501659049646
148500 78.07061916984912
148800 79.48298549256417
149100 80.68451876177413
149400 81.11586597838398
149700 81.27183941082394
150000 81.12877412451695
150300 80.98463315936553
150600 80.83941651536969
150900 80.44249102178108
151200 78.94407039151295
151500 77.31764397875962
151800 76.11395935186081
152100 76.13439724990468
152400 76.23335970359072
152700 76.18925687096976
153000 75.39540588379253
153300 74.49183565448513
153600 73.93355833423448
153900 74.50904651599573
154200 74.99955606904834
154500 73.35591879478437
154800 71.18627456560218
155100 69.07256563632949
155400 68.77137555989368
155700 69.39957200503122
156000 69.27264190139041
156300 67.97967593040529
156600 66.67272613444278
156900 65.5723066766077
157200 66.23384916592204
157500 67.29877122189149
157800 68.28301736452991
158100 67.47840958890856
158400 65.94126452024155
158700 64.41380056117426
159000 63.645765866262956
159300 64.38045451699743
159600 65.18398661377438
159900 65.99074574708457
160200 66.79750488039475
160500 66.96961349550094
160800 66.21986534094466
161100 65.46151175563308
161400 64.70315817032152
161700 63.96201544652055
162000 63.378997512848386
162300 63.97277223496469
162600 64.81180173360728
162900 63.74365264110459
163200 61.698787157874364
163500 61.01573109167174
163800 60.66290843070409
164100 60.454226734887854
164400 61.06198528198153
164700 61.79559825387159
165000 62.52921122576166
165300 63.34134875329391
165600 64.66981212614469
165900 66.12412992379186
166200 67.58167475797227
166500 68.82946221749202
166800 68.52181806798973
167100 67.98397864578294
167400 68.11090874942374
167700 68.37982846052714
168000 68.41209882585954
168300 67.3471767698901
168600 66.1434921429913
168900 65.62824197651719
169200 67.22454938162694
169500 68.9693004672658
169800 70.71405155290462
170100 71.91988753749224
170400 71.2744802308441
170700 70.47202381291156
171000 70.60755934730767
171300 72.91166343204156
171600 74.44450578533092
171900 75.2103891225534
172200 75.97627245977587
172500 76.74215579699835
172800 77.50803913422082
173100 78.27392247144329
173400 79.03980580866576
173700 79.80568914588824
174000 80.57157248311071
174300 81.33745582033318
174600 82.10333915755565
174900 82.87029817362254
175200 83.31347785752092
175500 82.64870833167333
175800 81.89143042520617
176100 81.1330768398946
176400 80.37472325458302
176700 79.61636966927145
177000 79.91110567264077
177300 80.3811773276495
177600 79.59915880776082
177900 78.81714028787215
178200 78.39762553855086
178500 79.55613165398428
178800 80.29835005662966
179100 78.24487914264412
179400 77.07776759645539
179700 78.1867924850458
180000 79.34637427932363
180300 80.50488039475705
180600 81.33638014148877
180900 80.33062042196207
181200 79.03765445097694
181500 77.74791551652505
181800 77.98671621998486
182100 79.4862125290974
182400 80.98463315936553
182700 82.48412946847806
183000 83.77601976061878
183300 84.88074193383153
183600 85.98976682242193
183900 87.09986738985674
184200 88.20996795729157
184500 89.32006852472638
184800 90.43016909216121
185100 91.54026965959602
185400 92.6697324462303
185700 94.0401472940132
186000 96.66372799553793
186300 99.84128330193565
186600 103.00915749873366
186900 103.89659254537487
187200 103.01668725064457
187500 102.13678195591423
187800 101.25687666118392
188100 100.37374432992037
188400 99.37766571999339
188700 98.32027341593485
189000 97.26180543303188
189300 97.03376151801619
189600 100.17366806485946
189900 105.3724239199103
190200 110.77771011308856
190500 115.08472820612056
190800 118.1116884743004
191100 121.19028132701206
191400 124.27425257394582
191700 127.35714814203514
192000 130.44649778319095
192300 133.21529512871152
192600 135.8184379321924
192900 138.42158073567327
193200 141.03010193337622
193500 143.67519621178923
193800 146.33212295749078
194100 148.98904970319234
194400 152.29353511323086
194700 156.37788768546923
195000 160.54076481334982
195300 164.7057932989192
195600 168.8632920325777
195900 169.37101244714094
196200 167.49717990017245
196500 170.82533024478806
196800 173.7737659573257
197100 174.51060596574902
197400 175.24637029532792
197700 175.9821346249068
198000 176.60925539119992
198300 175.81432872517829
198600 174.58267644832475
198900 173.86304730141205
199200 176.92980768683518
199500 180.71189450379333
199800 180.82591646130118
200100 178.82085109531425
200400 176.83084523314912
200700 174.9301207150703
201000 176.40380073191693
201300 174.635384711701
201600 172.68410328793476
201900 170.73389754301294
202200 171.32229387090717
202500 168.63094540218435
202800 158.93154926210707
203100 149.50322419082204
203400 140.3889973421057
203700 153.94685349709454
204000 166.42472809229213
204300 162.41244600262942
204600 152.94324513525666
204900 159.00146838699396
205200 164.73591230656277
205500 161.78102252095866
205800 162.57272215044705
206100 164.73376094887396
206400 166.90232949921173
206700 169.0924116264378
207000 172.26351285976904
207300 175.40772212198996
207600 176.2026487880116
207900 176.06818893245992
208200 174.16531305669227
208500 172.20865323870393
208800 170.25091774187123
209100 168.29425792388292
209400 166.34405217896108
209700 168.25553348548402
210000 179.04028957957462
210300 181.0270684052065
210600 179.8083242744859
210900 178.62507754563097
211200 179.28554435610093
211500 181.083003705116
211800 182.9353226751962
212100 185.82136901475786
212400 189.0
212700 188.89565915209187
213000 185.34484328668265
213300 181.18196615880208
213600 180.00194646648038
213900 179.08331673335118
214200 178.15608156946666
214500 176.82223980239382
214800 175.2915488067933
215100 173.76193349003717
215400 172.23124249443663
215700 170.6446161989266
216000 168.1684034990865
216300 165.4039088689436
216600 162.7803281674189
216900 161.15712879119877
217200 159.76197332999436
217500 158.57334820691736
217800 157.78595129280663
218100 157.00823548829558
218400 156.23159536262898
218700 155.45495523696238
219000 154.67723943245133
219300 153.90059930678476
219600 153.15085115222848
219900 152.41401114380517
220200 151.6330683027609
220500 150.2067181550685
220800 148.5684592750266
221100 146.93127607382914
221400 145.29409287263167
221700 143.6569096714342
222000 143.14703789918212
222300 144.56693397380806
222600 143.30408701046653
222900 140.3072457499303
223200 137.3459018912597
223500 135.4139826866929
223800 134.72769958395702
224100 134.0457191965988
224400 133.26585203439896
224700 132.27515181869404
225000 131.27692185107824
225300 130.27869188346244
225600 129.2858403100687
225900 128.2972914520526
226200 127.31304530941418
226500 126.32879916677575
226800 125.93832774625362
227100 127.17643409617365
227400 128.48230821329176
227700 128.07355025241458
228000 126.61923245476741
228300 125.16599033596466
228600 123.94832188408849
228900 125.1036009629887
229200 126.87094130436019
229500 128.53286511897917
229800 129.5547600211721
230100 130.47554111199014
230400 131.39847356049697
230700 132.32140600900382
231000 133.24433845751068
231300 134.16727090601754
231600 134.86108376066431
231900 134.61152626876037
232200 134.2608549654815
232500 133.9112593410471
232800 133.56058803776827
233100 133.21852216524476
233400 133.6487937030102
233700 134.57925590342796
234000 135.455934161625
234300 136.05078456258573
234600 136.60583484630314
234900 137.16088513002055
235200 137.67613529649464
235500 136.92531146309398
235800 135.55919933068873
236100 134.1941628771279
236400 133.9338485967798
236700 134.64164527640392
237000 135.34944195602807
237300 136.01098444534242
237600 135.93998964161113
237900 135.61728598828705
238200 135.8184379321924
238500 137.54167544094295
238800 139.10140976534265
239100 140.38469462672808
239400 141.67658491886877
239700 142.71999339794996
240000 142.29510025440658
240300 141.64431455353636
240600 140.99890724688822
240900 140.40082980939425
241200 141.2667512791472
241500 142.86521004194577
241800 144.22486810128456
242100 144.57876644109663
242400 144.46151744705554
242700 142.85337757465723
243000 142.5726253962653
243300 142.75764215750442
243600 142.36286802160464
243900 142.7888368439924
244200 143.1846866587366
244500 140.902096150891
244800 139.74036299892433
245100 139.1369071672083
245400 138.46675924713864
245700 135.90449223974548
246000 132.80761284667878
246300 131.71042042537692
246600 130.94561276699886
246900 130.18188078746522
247200 129.4203001656204
247500 128.6619465803088
247800 127.9078957103749
248100 127.4012509746561
248400 127.97351211988412
248700 128.67270336875296
249000 129.19225625060471
249300 129.19333192944913
249600 129.16213724296114
249900 129.12986687762873
250200 128.30589688280793
250500 126.85373044284958
250800 125.96521971736395
251100 125.10252528414426
251400 124.52596142353859
251700 124.07955470310694
252000 123.6320723038309
252300 122.3563171943564
252600 119.28632977240002
252900 117.91268788808388
253200 117.12313961628429
253500 116.34434813292887
253800 115.56663232841785
254100 114.60820247804534
254400 112.10079509171727
254700 109.23948936557714
255000 106.30181044148364
255300 103.02851971793311
255600 99.72618566558339
255900 96.42492729207811
256200 94.5317325259102
256500 95.4589676897947
256800 96.49269505927616
257100 96.52926813998623
257400 95.1975777306022
257700 93.90246040192827
258000 93.02470646488678
258300 92.4965481522797
258600 91.96731416082822
258900 91.4359288116879
259200 89.18776002686351
259500 85.51001405781346
259800 83.56841374364694
260100 83.03810407335105
260400 82.50887008189956
260700 81.97856041160367
261000 81.35251532415498
261300 80.41237201413749
261600 79.55182893860662
261900 79.8272027227765
262200 80.4134476929819
262500 80.78993528852666
262800 79.8196729708656
263100 78.61383698627797
263400 77.62743948595072
263700 77.47792012657723
264000 77.41660643244566
264300 77.35529273831409
264600 77.2939790441825
264900 77.23266535005095
265200 77.17135165591937
265500 77.00892415041291
265800 76.73677740277627
266100 76.46570633398406
266400 76.19355958634742
266700 75.9224885175552
267000 75.65034176991855
267300 75.31795700699476
267600 74.7736635117215
267900 74.2121591549376
268200 73.6506547981537
268500 73.0880747625254
268800 72.52657040574151
269100 72.32111574645852
269400 72.66640865551527
269700 73.01815563763851
270000 72.97512848386197
270300 71.84781705491655
270600 70.66026761068393
270900 69.47164248760693
271200 68.29377415297405
271500 67.85597286329772
271800 67.8925459440078
272100 67.82370249796531
272400 67.1567816144289
272700 66.3973523502729
273000 65.63792308611691
273300 64.87849382196093
273600 64.24707034029015
273900 64.10723209051639
274200 64.01687506758564
274500 63.926518044654905
274800 63.83616102172416
275100 63.74580399879342
275400 63.65867401239592
275700 63.63500907781882
276000 63.63500907781882
276300 63.63500907781882
276600 63.572619704842836
276900 63.20043482467573
277200 62.7862984695765
277500 62.37216211447728
277800 61.95802575937804
278100 61.54388940427881
278400 61.13082872802399
278700 60.71669237292477
279000 60.30255601782554
279300 59.89917645117045
279600 59.64101352851118
279900 59.42587775962846
280200 59.21181766959016
280500 58.99775757955186
280800 58.78584884720238
281100 58.57716715138615
281400 58.369561134414326
281700 58.160879438598094
282000 57.953273421626264
282300 57.74889444118769
282600 57.54666681843793
282900 57.34443919568818
283200 57.14113589409401
283500 56.93890827134426
283800 56.763572619704846
284100 56.688275100595895
284400 56.62265869108667
284700 56.55596660273302
285000 56.49035019322379
285300 56.41827971064808
285600 56.082667911191045
285900 55.603990825427
286200 55.12531373966296
286500 54.64663665389891
286800 54.1862461084899
287100 54.09804044324798
287400 54.15397574315749
287700 54.20883536422259
288000 54.26477066413209
288300 54.28735991986478
288600 53.97756441267366
288900 53.58279027677388
289200 53.18801614087409
289500 52.792166326129895
289800 52.3973921902301
290100 52.32962442303205
290400 52.737306705064796
290700 53.149291702475196
291000 53.5612766998856
291300 53.9248561492974
291600 53.52362794033113
291900 52.859934093327944
292200 52.195164567480354
292500 51.53039504163276
292800 50.983950188670654
293100 50.80216046396476
293400 50.645111352680374
293700 50.488062241395994
294000 50.33208880895602
294300 50.19117488033784
294600 50.15029908425013
294900 50.1244827919842
295200 50.09974217856269
295500 50.07500156514118
295800 50.050260951719665
296100 50.02444465945374
296400 49.99109861527691
296700 49.83189814630371
297000 49.62859484470954
297300 49.42529154311537
297600 49.2219882415212
297900 49.02513901299352
298200 48.835819536376725
298500 48.64542438091552
298800 48.45502922545432
299100 48.29260171994787
299400 48.21837987968333
299700 48.15061211248527
300000 48.08284434528722
300300 48.015076578089165
300600 47.9473088108911
300900 47.82468142262796
301200 47.48906962317092
301500 47.13301992567003
301800 46.7823486223912
302100 46.70059703021576
302400 46.76513776088058
302700 46.82967849154539
303000 46.894219222210204
303300 46.95875995287502
303600 47.023300683539844
303900 46.76621343972499
304200 45.878778393083785
304500 44.97628384262078
304800 44.177054461221495
305100 44.50406082992322
305400 45.13978702697165
305700 45.77551322402008
306000 46.41123942106851
306300 46.9490788432753
306600 46.817846024256845
306900 46.55860742275317
307200 46.30044450009391
307500 46.041205898590235
307800 45.78196729708656
308100 45.52810708980496
308400 45.6345992954019
308700 45.9594543064148
309000 46.284309317427706
309300 46.60486161306295
309600 46.26924981360592
309900 45.485079936028406
310200 45.06664086555153
310500 45.400101307319744
310800 45.75615100482064
311100 46.067022190856164
311400 45.83467556046283
311700 45.443128461096286
312000 45.052657040574154
312300 44.66218562005202
312600 44.11251373055668
312900 43.14978116480652
313200 42.192426993278424
313500 42.69369333477516
313800 44.0350648537589
314100 45.37643637274264
314400 46.703824066749
314700 46.84904071074484
315000 46.22729833867378
315300 45.60663164544715
315600 44.9848892733761
315900 44.36422258014946
316200 43.742480208078405
316500 43.56391751990575
316800 44.34916307632766
317100 45.13763566928283
317400 44.70951548920622
317700 43.65750157936973
318000 42.66357432713158
318300 42.56676323113436
318600 42.78082332117266
318900 42.994883411210964
319200 43.20786782240485
319500 43.362765576000406
319800 43.34555471448979
320100 43.316511385690625
320400 41.72558237480293
320700 39.576376043664595
321000 40.11098842933815
321300 40.65205488807818
321600 41.21463492370648
321900 41.80087989391188
322200 43.82961019447591
322500 46.2520389520953
322800 45.65288583575693
323100 44.75361832182717
323400 43.85435080789742
323700 42.95400761512325
324000 42.06442121079321
324300 41.72880941133617
324600 41.71052287098115
324900 41.693312009470525
325200 41.675025469115496
325500 41.62124152689481
325800 41.375986750368526
326100 41.10276432388747
326400 40.83384461278407
326700 40.576757368969226
327000 40.321821482843205
327300 40.06580991787278
327600 39.81087403174675
327900 39.55486246677632
328200 39.2999265806503
328500 39.043915015679865
328800 38.78897912955385
329100 38.53296756458342
329400 38.278031678457396
329700 38.02202011348697
330000 37.76708422736095
330300 37.67350016789697
330600 37.753100402383566
330900 37.83270063687017
331200 37.91337655020119
331500 37.98006863855483
331800 37.91230087135678
332100 37.81011138113749
332400 37.70899756976261
332700 37.60680807954332
333000 37.56593228345561
333300 37.57668907189974
333600 37.58637018149946
333900 37.59605129109919
334200 37.605732400698905
334500 37.61541351029863
334800 37.625094619898356
335100 37.56915931998885
335400 37.20665554942146
335700 36.857059924987055
336000 36.76670290205631
336300 36.71184328099122
336600 36.65698365992613
336900 36.60104836001662
337200 36.54618873895153
337500 36.49132911788643
337800 36.43539381797693
338100 36.38053419691183
338400 36.324598897002325
338700 36.26973927593724
339000 36.167549785717945
339300 35.9975925283006
339600 35.827635270883256
339900 35.656602334621496
340200 35.538277661736
340500 35.64476986733295
340800 35.77815404404023
341100 35.91153822074751
341400 36.04384671861038
341700 36.17723089531766
342000 36.31061507202495
342300 36.249301377893374
342600 35.95133833799081
342900 35.652299619243834
343200 35.40704484271754
343500 35.481266682982074
343800 35.608196786622884
344100 35.7362025691081
344400 35.86420835159331
344700 35.928749082258136
345000 35.898630074614545
345300 35.86635970928214
345600 35.834089343949735
345900 35.80181897861733
346200 35.77062429212933
346500 35.73835392679692
346800 35.70608356146452
347100 35.674888874976524
347400 35.642618509644116
347700 35.61034814431171
348000 35.579153457823715
348300 35.546883092491306
348600 35.5146127271589
348900 35.48234236182649
349200 35.4511476753385
349500 35.41887731000609
349800 35.38660694467368
350100 35.355412258185694
350400 35.32314189285328
350700 35.29087152752087
351000 35.259676841032885
351300 35.22740647570048
351600 35.20804425650103
351900 35.21234697187868
352200 35.216649687256336
352500 35.222028081478406
352800 35.226330796856054
353100 35.230633512233716
353400 35.23493622761137
353700 35.23923894298902
354000 35.24354165836668
354300 35.248920052588744
354600 35.2532227679664
354900 35.257525483344054
355200 35.26182819872171
355500 35.26613091409936
355800 35.27043362947702
356100 35.27581202369908
356400 35.12521698548119
356700 34.36040932710313
357000 34.39267969243553
357300 34.44431227696738
357600 34.49486918265482
357900 34.546501767186676
358200 34.597058672874105
358500 34.648691257405964
358800 34.69924816309341
359100 34.74550235340319
359400 34.6433128631839
359700 34.472279926922134
360000 34.30232266950479
360300 34.13128973324303
360600 34.048462462223185
360900 34.09256529484414
361200 34.137743806309516
361500 34.18292231777488
361800 34.22702515039584
362100 34.27220366186121
362400 34.31738217332658
362700 34.36256068479195
363000 34.40773919625732
363300 34.44431227696738
363600 34.10117072559945
363900 34.20981428888522
364200 34.34750118097016
364500 34.48411239421068
364800 34.49379350381041
365100 34.404512159724085
365400 34.31630649448217
365700 34.22702515039584
366000 34.137743806309516
366300 34.0495381410676
366600 33.96993790658099
366900 33.96563519120334
367200 33.976391979647474
367500 33.98714876809161
367800 33.99790555653575
368100 34.00866234497988
368400 34.019419133424016
368700 34.03017592186815
369000 34.039857031467875
369300 34.05061381991201
369600 34.06137060835614
369900 34.07212739680028
370200 34.08288418524442
370500 34.09364097368856
370800 34.09256529484414
371100 34.04738678337877
371400 33.99682987769133
371700 33.947348650848305
372000 33.89679174516087
372300 33.84731051831785
372600 33.79782929147482
372900 33.74727238578738
373200 33.697791158944355
373500 33.64723425325692
373800 33.59775302641389
374100 33.547196120726454
374400 33.43855255744068
374700 33.01473509274173
375000 32.54573911657741
375300 32.12407300956728
375600 32.21550571134244
375900 32.44785234173577
376200 32.680198972129105
376500 32.91146992367803
376800 33.143816554071364
377100 33.376163184464694
377400 33.58699623796976
377700 32.871669806434724
378000 32.40590086680364
378300 32.69310711826207
378600 32.97923769087608
378900 33.19222210206997
379200 33.03624866963
379500 32.830794010347006
379800 32.6242636722196
380100 32.418809012936606
380400 32.21335435365361
380700 32.007899694370614
381000 33.12553001371633
381300 36.96893052480607
381600 35.56409395400192
381900 34.00005691422457
382200 33.555801551481764
382500 33.63862882250161
382800 33.72038041467704
383100 33.73866695503207
383400 33.24385468660182
383700 32.63824749719697
384000 32.095029680768114
384300 32.77270735274867
384600 33.96348383351451
384900 39.48817037842268
385200 41.51152228476463
385500 39.165466725098604
385800 37.58637018149946
386100 37.477726618213694
386400 37.414261566393286
386700 37.23462319937622
387000 35.69317541533156
387300 33.80320768569689
387600 32.94589164669926
387900 32.83509672572466
388200 32.72430180475006
388500 32.613506883775464
388800 32.502711962800866
389100 32.39191704182626
389400 32.28112212085167
389700 32.170327199877065
390000 32.059532278902466
390300 31.985310438637928
390600 32.100408074990185
390900 32.24347336129719
391200 32.3865386476042
391500 32.529603933911204
391800 32.67266922021821
392100 32.816810185369626
392400 32.91146992367803
392700 32.81896154305846
393000 32.70816662208386
393300 32.596296022264845
393600 32.48550110129025
393900 32.37470618031565
394200 32.26391125934105
394500 32.153116338366445
394800 32.04232141739185
395100 32.011126730903854
395400 32.21012731712037
395700 32.425263086003085
396000 32.63932317604139
396300 32.854458944924104
396600 33.06851903496241
396900 33.283654803845124
397200 33.38046589984235
397500 33.2180383943359
397800 33.04808113691855
398100 32.87704820065679
398400 32.706015264395035
398700 32.53605800697768
399000 32.36502507071592
399300 32.19399213445416
399600 32.02403487703682
399900 31.853001940775055
400200 31.787385531265826
400500 31.827185648509133
400800 31.866985765752435
401100 31.906785882995738
401400 31.94658600023904
401700 31.986386117482343
402000 32.02618623472564
402300 32.06060795774688
402600 31.97025093481614
402900 31.821807254287062
403200 31.672287894913577
403500 31.523844214384503
403800 31.375400533855426
404100 31.225881174481938
404400 31.07743749395286
404700 31.1989892033716
405000 32.019732161659164
405300 32.861988696835
405600 32.76302624314895
405900 32.08749992885722
406200 31.4130492934099
406500 30.74827976756231
406800 31.226956853326353
407100 32.49087949551231
407400 32.9491186832325
407700 31.746509735178115
408000 30.492268202591877
408300 29.241253706538878
408600 28.961577206991343
408900 29.48328144653193
409200 30.207213308822276
409500 31.107556501596445
409800 32.00897537321503
410100 32.9093185659892
410400 33.62464499752423
410700 32.81035611230315
411000 31.674439252602404
411300 30.53852239290166
411600 29.401529854356497
411900 28.429116179006616
412200 28.31832125803202
412500 28.33338076185381
412800 28.347364586831187
413100 28.361348411808564
413400 28.376407915630352
413700 28.390391740607733
414000 28.404375565585106
414300 28.419435069406898
414600 28.433418894384275
414900 28.44740271936165
415200 28.461386544339028
415500 28.476446048160817
415800 28.477521727005232
416100 28.42051074825131
416400 28.35704569643091
416700 28.293580644610508
417000 28.230115592790106
417300 28.166650540969705
417600 28.10210981030489
417900 28.038644758484487
418200 28.000995998930012
418500 28.013904145062977
418800 28.028963648884766
419100 28.044023152706558
419400 28.059082656528346
419700 28.07414216035014
420000 28.089201664171927
420300 28.104261167993716
420600 28.119320671815505
420900 28.134380175637297
421200 28.148364000614674
421500 28.163423504436462
421800 28.1741802928806
422100 28.146212642925846
422400 28.10856388337137
422700 28.07199080266131
423000 28.034342043106836
423300 27.99776896239677
423600 27.960120202842294
423900 27.923547122132234
424200 27.88589836257776
424500 27.848249603023284
424800 27.811676522313224
425100 27.774027762758745
425400 27.737454682048686
425700 27.69980592249421
426000 27.663232841784147
426300 27.625584082229672
426600 27.58901100151961
426900 27.551362241965133
427200 27.513713482410658
427500 27.4771404017006
427800 27.439491642146123
428100 27.40291856143606
428400 27.365269801881585
428700 27.32869672117152
429000 27.291047961617046
429300 27.254474880906987
429600 27.216826121352508
429900 27.179177361798033
430200 27.142604281087973
430500 27.104955521533498
430800 27.068382440823438
431100 27.030733681268963
431400 26.994160600558896
431700 26.95651184100442
432000 26.91993876029436
432300 26.882290000739886
432600 26.845716920029822
432900 26.808068160475347
433200 26.770419400920872
433500 26.733846320210812
433800 26.696197560656337
434100 26.659624479946274
434400 26.621975720391795
434700 26.585402639681735
435000 26.54775388012726
435300 26.516559193639267
435600 26.51871055132809
435900 26.527315982083405
436200 26.53592141283871
436500 26.54452684359402
436800 26.552056595504915
437100 26.560662026260225
437400 26.56926745701553
437700 26.577872887770837
438000 26.58647831852615
438300 26.595083749281457
438600 26.603689180036767
438900 26.612294610792073
439200 26.620900041547387
439500 26.629505472302693
439800 26.63703522421359
440100 26.645640654968897
440400 26.654246085724207
440700 26.662851516479513
441000 26.671456947234823
441300 26.680062377990133
441600 26.68866780874544
441900 26.69727323950075
442200 26.70587867025606
442500 26.71448410101137
442800 26.723089531766675
443100 26.730619283677573
443400 26.73922471443288
443700 26.747830145188185
444000 26.744603108654946
444300 26.628429793458277
444600 26.48536450715127
444900 26.342299220844268
445200 26.19923393453726
445500 26.05939568476349
445800 26.03035235596433
446100 26.050790254008184
446400 26.07122815205204
446700 26.091666050095903
447000 26.112103948139758
447300 26.132541846183617
447600 26.152979744227473
447900 26.173417642271335
448200 26.19385554031519
448500 26.21429343835905
448800 26.234731336402906
449100 26.254093555602353
449400 26.241185409469388
449700 26.206763686448152
450000 26.17234196342692
450300 26.137920240405684
450600 26.104574196228864
450900 26.07015247320763
451200 26.035730750186396
451500 26.01636853098695
451800 26.018519888675776
452100 26.020671246364607
452400 26.021746925209015
452700 26.023898282897846
453000 26.026049640586674
453300 26.028200998275498
453600 26.03035235596433
453900 26.032503713653153
454200 26.03465507134198
454500 26.036806429030808
454800 26.038957786719635
455100 26.041109144408463
455400 26.043260502097286
455700 26.044336180941702
456000 26.04648753863053
456300 26.048638896319357
456600 26.050790254008184
456900 26.052941611697012
457200 26.05509296938584
457500 26.057244327074667
457800 26.05939568476349
458100 26.06154704245232
458400 26.06369840014115
458700 26.064774078985565
459000 26.06692543667439
459300 26.069076794363216
459600 26.07122815205204
459900 26.07337950974087
460200 26.0755308674297
460500 26.072303830896455
460800 26.05509296938584
461100 26.036806429030808
461400 26.017444209831364
461700 25.999157669476336
462000 25.9808711291213
462300 25.961508909921857
462600 25.943222369566826
462900 25.924935829211794
463200 25.90557361001235
463500 25.88728706965732
463800 25.867924850457875
464100 25.849638310102844
464400 25.831351769747812
464700 25.81198955054837
465000 25.793703010193337
465300 25.775416469838305
465600 25.75605425063886
465900 25.73776771028383
466200 25.7194811699288
466500 25.483907503002225
466800 24.8008514367996
467100 24.1038115456196
467400 23.406771654439595
467700 22.710807442104006
468000 22.846342976500118
468300 24.124249443663455
468600 25.408609983893275
468900 26.481061791773616
469200 25.990552238721023
469500 25.21176075536559
469800 25.938919654189174
470100 27.48682151130032
470400 25.790475973660097
470700 22.69682361712663
471000 24.99017091341639
471300 27.02858232358013
471600 24.26731472997046
471900 22.55053129428638
472200 25.324707034029014
472500 27.867611822222727
472800 24.12855215904111
473100 22.32141170042629
473400 25.515102189490218
473700 27.514789161255074
474000 24.76212699840071
474300 21.92878892221533
474600 24.644878004359633
474900 27.774027762758745
475200 25.266620376430684
475500 25.919557434989727
475800 27.407221276813715
476100 28.895960797482115
476400 28.700187247798844
476700 26.704802991411643
477000 24.722326881157407
477300 24.12317376481904
477600 24.474920746942285
477900 24.826667729065523
478200 25.031046709504107
478500 25.043954855637068
478800 25.056863001770033
479100 25.069771147902998
479400 25.08375497288037
479700 25.096663119013336
480000 25.109571265146297
480300 25.12247941127926
480600 25.135387557412226
480900 25.093436082480093
481200 24.586791346761295
481500 24.05433031877657
481800 24.26408769343722
482100 24.654559113959355
482400 25.014911526837903
482700 24.62121306978253
483000 24.410380016277472
483300 27.068382440823438
483600 28.70556564202091
483900 27.137225886865906
484200 25.458091210736303
484500 24.511493827652345
484800 26.40683995150908
485100 28.317245579187606
485400 26.404688593820254
485700 23.534777436924813
486000 25.239728405320342
486300 27.596540753430506
486600 25.649562045041918
486900 23.161516877913296
487200 22.449417482911507
487500 26.231504299869666
487800 25.430123560781546
488100 23.905886638247498
488400 22.39670921953524
488700 23.26908476235466
489000 25.877605960057597
489300 27.125393419577353
489600 25.403231589671208
489900 23.57672891185694
490200 23.532626079235982
490500 28.129001781415226
490800 26.942528016027047
491100 25.458091210736303
491400 24.54914258720682
491700 26.151904065383064
492000 27.896655151021896
492300 26.70265163372282
492600 24.372731256722993
492900 22.769969778546752
493200 23.97365440544555
493500 23.97365440544555
493800 23.851027017182403
494100 23.03673813196132
494400 22.113805683454466
494700 21.71580451102144
495000 23.163668235602124
495300 22.86785655338839
495600 21.744847839820608
495900 24.487828893075246
496200 27.66108148409532
496500 26.79408433549797
496800 25.720556848773217
497100 24.647029362048457
497400 24.714797129246513
497700 27.90310922408838
498000 27.718092462849242
498300 26.14867702884982
498600 24.57818591600599
498900 23.6606318617212
499200 24.08660068410898
499500 24.276995839570183
499800 24.26623905112605
500100 24.255482262681912
500400 24.24472547423778
500700 24.232893006949226
501000 24.222136218505092
501300 24.211379430060955
501600 24.20062264161682
501900 24.189865853172684
502200 24.17910906472855
502500 24.168352276284413
502800 24.156519808995863
503100 24.145763020551726
503400 24.135006232107592
503700 24.124249443663455
504000 24.11349265521932
504300 24.102735866775184
504600 24.11134129753049
504900 24.136081910952004
505200 24.159746845529103
505500 24.1834117801062
505800 24.207076714683303
506100 24.231817328104814
506400 24.255482262681912
506700 24.26623905112605
507000 24.087676362953395
507300 23.846724301804752
507600 22.36659021189166
507900 19.731177043078375
508200 17.226996693283553
508500 15.093925544811414
508800 14.263501476924128
509100 13.603034666454189
509400 12.966232790561346
509700 18.836212244526273
510000 29.907098911230886
510300 29.846860895943724
510600 29.75865523070181
510900 29.67152524430431
511200 29.583319579062394
511500 29.496189592664894
511800 29.378940598623817
512100 29.140139895163998
512400 28.986317820412854
512700 28.98416646272403
513000 28.98416646272403
513300 28.98416646272403
513600 28.98416646272403
513900 28.98416646272403
514200 28.98416646272403
514500 28.98416646272403
514800 28.98416646272403
515100 28.98416646272403
515400 28.98416646272403
515700 28.98416646272403
516000 28.98416646272403
516300 28.98416646272403
516600 28.98416646272403
516900 28.98416646272403
517200 28.98416646272403
517500 28.98416646272403
517800 28.971258316591065
518100 28.946517703169555
518400 28.92177708974804
518700 28.89703647632653
519000 28.872295862905016
519300 28.847555249483506
519600 28.82281463606199
519900 28.798074022640478
520200 28.773333409218964
520500 28.748592795797453
520800 28.72385218237594
521100 28.69911156895443
521400 28.673295276688503
521700 28.64855466326699
522000 28.62381404984548
522300 28.60875454602369
522600 28.602300472957207
522900 28.595846399890725
523200 28.58831664797983
523500 28.58186257491335
523800 28.574332823002454
524100 28.56787874993597
524400 28.560348998025074
524700 28.552819246114183
525000 28.479673084694056
525300 28.363499769497388
525600 28.247326454300726
525900 28.099958452616065
526200 27.633113834140566
526500 27.08451762348964
526800 26.53592141283871
527100 25.98624952334337
527400 25.444107385758922
527700 25.110646943990712
528000 24.87830031359738
528300 24.647029362048457
528600 24.37165557787858
528900 23.98441119388969
529200 23.80369714802821
529500 23.834891834516203
529800 23.478842137015306
530100 22.99478665702919
530400 22.984029868585058
530700 22.984029868585058
531000 22.984029868585058
531300 22.94745678787499
531600 22.833434830367153
531900 22.716185836326073
532200 22.600012521129408
532500 22.48383920593274
532800 22.36659021189166
533100 22.25041689669499
533400 22.193405917941075
533700 22.223524925584652
534000 22.25364393322823
534300 22.284838619716226
534600 22.314957627359806
534900 22.346152313847803
535200 22.32141170042629
535500 22.200935669851965
535800 22.077232602744406
536100 21.954605214481255
536400 21.872853622305822
536700 21.870702264616998
537000 21.870702264616998
537300 21.870702264616998
537600 21.870702264616998
537900 21.870702264616998
538200 21.870702264616998
538500 21.870702264616998
538800 21.870702264616998
539100 21.870702264616998
539400 21.870702264616998
539700 21.870702264616998
540000 21.870702264616998
540300 21.870702264616998
540600 21.870702264616998
540900 21.870702264616998
541200 21.870702264616998
541500 21.870702264616998
541800 21.850264366573136
542100 21.759907343642396
542400 21.664171926489587
542700 21.568436509336777
543000 21.472701092183968
543300 21.376965675031162
543600 21.317803338588416
543900 21.309197907833102
544200 21.30166815592221
544500 21.294138404011314
544800 21.286608652100423
545100 21.27800322134511
545400 21.27047346943422
545700 21.264019396367736
546000 21.272624827123042
546300 21.28338161556718
546600 21.29521408285573
546900 21.305970871299863
547200 21.317803338588416
547500 21.329635805876965
547800 21.3403925943211
548100 21.35222506160965
548400 21.362981850053785
548700 21.37481431734233
549000 21.385571105786468
549300 21.397403573075017
549600 21.408160361519155
549900 21.419992828807704
550200 21.430749617251838
550500 20.985418575664617
550800 19.791415058365537
551100 18.711433498574298
551400 19.760220371877544
551700 21.231749031035328
552000 22.52363932317604
552300 23.035662453116906
552600 22.068627171989093
552900 21.7835722782195
553200 21.684609824533446
553500 21.585647370847397
553800 21.20915977530264
554100 19.8677882563189
554400 19.84089628520856
554700 20.495984701456432
555000 21.01984029868585
555300 21.00155375833082
555600 20.95637524686545
555900 21.406009003830327
556200 21.354376419298475
556500 20.199097340398286
556800 20.043123907958314
557100 21.659869211111932
557400 23.368047216040704
557700 23.532626079235982
558000 21.97181607599187
558300 21.49959306329431
558600 21.49959306329431
558900 21.49959306329431
559200 21.231749031035328
559500 20.758450339493347
559800 20.30774090368406
560100 20.513195562967052
560400 21.02844572944116
560700 21.203781381080574
561000 21.203781381080574
561300 21.203781381080574
561600 21.203781381080574
561900 21.203781381080574
562200 21.203781381080574
562500 21.203781381080574
562800 21.203781381080574
563100 21.203781381080574
563400 21.203781381080574
563700 21.203781381080574
564000 21.203781381080574
564300 21.203781381080574
564600 21.203781381080574
564900 21.203781381080574
565200 21.203781381080574
565500 21.203781381080574
565800 21.250035571390356
566100 21.973967433680702
566400 22.929170247519963
566700 23.874691951759505
567000 24.15221709361821
567300 24.04464920917685
567600 23.93708132473549
567900 23.829513440294132
568200 23.721945555852777
568500 23.614377671411415
568800 23.50680978697006
569100 23.574577554168116
569400 24.208152393527712
569700 24.886905744352685
570000 25.52693465677877
570300 24.91272203661861
570600 23.691826548209193
570900 22.885067414899005
571200 23.68214543860947
571500 24.63949961013756
571800 25.502194043357253
572100 25.67107562193019
572400 25.700118950729355
572700 25.729162279528524
573000 25.76788671792741
573300 26.53592141283871
573600 27.48682151130032
573900 26.006687421387227
574200 25.949676442633308
574500 28.18601276016915
574800 28.944366345480727
575100 27.90741193946603
575400 27.061928367756956
575700 26.93177122758291
576000 26.867230496918097
576300 26.80268976625328
576600 26.738149035588464
576900 26.67360830492365
577200 26.632732508835932
577500 26.626278435769454
577800 26.621975720391795
578100 26.616597326169728
578400 26.61121893194766
578700 26.605840537725594
579000 26.600462143503524
579300 26.596159428125873
579600 26.590781033903802
579900 26.585402639681735
580200 26.58002424545967
580500 26.574645851237598
580800 26.570343135859947
581100 26.56496474163788
581400 26.55958634741581
581700 26.554207953193742
582000 26.548829558971676
582300 26.54452684359402
582600 26.539148449371954
582900 26.533770055149887
583200 26.528391660927817
583500 26.52408894555016
583800 26.51871055132809
584100 26.513332157106024
584400 26.507953762883957
584700 26.50257536866189
585000 26.498272653284236
585300 26.49289425906217
585600 26.4875158648401
585900 26.48213747061803
586200 26.476759076395965
586500 26.47245636101831
586800 26.467077966796243
587100 26.461699572574176
587400 26.456321178352106
587700 26.45094278413004
588000 26.413294024575563
588300 26.32293700164482
588600 26.233655657558497
588900 26.14329863462775
589200 26.052941611697012
589500 25.96903866183275
589800 25.951827800322135
590100 25.95075212147772
590400 25.948600763788896
590700 25.94752508494448
591000 25.945373727255653
591300 25.943222369566826
591600 25.942146690722414
591900 25.939995333033583
592200 25.938919654189174
592500 25.936768296500343
592800 25.93569261765593
593100 25.933541259967107
593400 25.932465581122692
593700 25.930314223433864
594000 25.92923854458945
594300 25.927087186900625
594600 25.92601150805621
594900 25.923860150367382
595200 25.921708792678555
595500 25.920633113834143
595800 25.91848175614531
596100 25.917406077300903
596400 25.915254719612072
596700 25.91417904076766
597000 25.91202768307883
597300 25.91095200423442
597600 25.90880064654559
597900 25.907724967701178
598200 25.90557361001235
598500 25.90449793116794
598800 25.902346573479107
599100 25.900195215790283
599400 25.89911953694587
599700 25.89696817925704
600000 25.89589250041263
600300 25.8937411427238
600600 25.89266546387939
600900 25.890514106190558
601200 25.88943842734615
601500 25.88728706965732
601800 25.886211390812907
602100 25.88406003312408
602400 25.882984354279667
602700 25.880832996590836
603000 25.879757317746424
603300 25.877605960057597
603600 25.87545460236877
603900 25.874378923524354
604200 25.87222756583553
604500 25.871151886991115
604800 25.869000529302287
