#  Time[s]  	bnd_inflow[Q [m3/s]] 	bnd_inflow[Qsed tot [m3/s]] 	bnd_outflow[Q [m3/s]] 	bnd_outflow[Qsed tot [m3/s]] 	bnd_inflow_sed[Q [m3/s]] 	bnd_inflow_sed[Qsed tot [m3/s]] 	
110000 	              -0 	               0 	               0 	               0 	               0 	               0
115000 	        18.96368 	               0 	       17.166345 	    4.788987e-06 	               0 	    -0.028776076
120000 	       22.378419 	               0 	       21.324688 	   4.4911842e-05 	               0 	     -0.05505909
125000 	       20.080889 	               0 	        18.23965 	   6.4418206e-07 	               0 	     -0.05505909
130000 	       23.952851 	               0 	       22.734354 	   0.00010441149 	               0 	     -0.05505909
135000 	       34.448582 	               0 	       32.121912 	   0.00069366892 	               0 	     -0.05505909
140000 	       48.639873 	               0 	       42.754087 	    0.0012345517 	               0 	    -0.037005371
145000 	       77.797013 	               0 	       76.883011 	    0.0037146613 	               0 	    -0.034614016
150000 	       81.128784 	               0 	       80.899694 	    0.0016465071 	               0 	    -0.035182771
155000 	       69.777209 	               0 	       72.342873 	     0.001809471 	               0 	    -0.034637059
160000 	       66.259615 	               0 	       65.347751 	   0.00049294954 	               0 	    -0.034505128
165000 	       62.529186 	               0 	       61.677651 	   0.00051438608 	               0 	    -0.034238001
170000 	       71.517941 	               0 	       69.499316 	    0.0092324277 	               0 	    -0.034434669
175000 	       83.018005 	               0 	       81.982953 	     0.001401537 	               0 	    -0.035023528
180000 	       79.346362 	               0 	       78.403195 	    0.0043282423 	               0 	    -0.034847217
185000 	       91.170212 	               0 	       89.520536 	    0.0034488648 	               0 	    -0.035434087
190000 	       107.17409 	               0 	       101.81734 	    0.0057079117 	               0 	    -0.036140402
195000 	       160.54056 	               0 	       155.28896 	    0.0060000798 	               0 	    -0.037739423
200000 	       179.48926 	               0 	       179.56797 	     0.013370785 	               0 	     -0.03785019
205000 	       160.91292 	               0 	       158.01189 	     0.044857388 	               0 	    -0.037128591
210000 	       179.03997 	               0 	       171.52529 	    0.0074519784 	               0 	    -0.037472295
215000 	       174.27184 	               0 	       176.18133 	    0.0079412415 	               0 	    -0.037628951
220000 	        152.1537 	               0 	       153.21338 	     0.020603697 	               0 	    -0.036869328
225000 	       131.27692 	               0 	       132.63513 	     0.016929162 	               0 	    -0.036445554
230000 	        130.1686 	               0 	       128.67969 	    0.0030467414 	               0 	    -0.036647044
235000 	       137.33261 	               0 	        136.5717 	    0.0011948247 	               0 	    -0.037036404
240000 	       142.29512 	               0 	       141.86763 	    0.0013059709 	               0 	    -0.037182071
245000 	       139.33807 	               0 	       140.53541 	    0.0043501702 	               0 	    -0.037191316
250000 	       128.85523 	               0 	       129.05486 	    0.0011394268 	               0 	    -0.036856284
255000 	       106.30193 	               0 	         110.086 	   0.00023297215 	               0 	    -0.035810742
260000 	       83.214874 	               0 	       85.357521 	   5.3839343e-05 	               0 	    -0.035464313
265000 	       77.212231 	               0 	       77.374109 	   6.6950734e-06 	               0 	     -0.03532243
270000 	       72.975129 	               0 	       72.927135 	   8.4478962e-06 	               0 	    -0.035298357
275000 	       63.775926 	               0 	       63.996013 	   3.7290774e-07 	               0 	    -0.035945444
280000 	       59.354533 	               0 	       59.714873 	               0 	               0 	    -0.036449814
285000 	       56.490352 	               0 	       56.586172 	               0 	               0 	    -0.036109452
290000 	       52.352214 	               0 	       52.740912 	               0 	               0 	    -0.035644958
295000 	       50.116237 	               0 	       50.188735 	               0 	               0 	    -0.035301744
300000 	       48.082848 	               0 	       48.211495 	               0 	               0 	    -0.035054577
305000 	       44.395053 	               0 	       44.933363 	               0 	               0 	    -0.034695738
310000 	       45.345613 	               0 	       46.033881 	               0 	               0 	    -0.034765551
315000 	       46.227301 	               0 	       46.314555 	               0 	               0 	    -0.034800097
320000 	       43.326193 	               0 	       43.291984 	               0 	               0 	    -0.034505372
325000 	       41.687217 	               0 	       41.866362 	               0 	               0 	    -0.034309506
330000 	       37.767087 	               0 	       38.197905 	               0 	               0 	    -0.033889284
335000 	       37.587806 	               0 	       37.622114 	               0 	               0 	    -0.033863559
340000 	       35.617162 	               0 	       35.857231 	               0 	               0 	    -0.033767539
345000 	        35.89863 	               0 	       35.857699 	               0 	               0 	    -0.033775977
350000 	       35.365811 	               0 	       35.405915 	               0 	               0 	    -0.033794906
355000 	        35.25896 	               0 	       35.261616 	               0 	               0 	    -0.033807288
360000 	       34.302326 	               0 	       34.522222 	               0 	               0 	    -0.033798837
365000 	       34.434277 	               0 	       34.447555 	               0 	               0 	    -0.033785644
370000 	       34.075713 	               0 	       34.069388 	               0 	               0 	    -0.033771606
375000 	       32.545762 	               0 	       33.141021 	               0 	               0 	    -0.033761916
380000 	       32.487296 	               0 	       32.779411 	               0 	               0 	    -0.033752047
385000 	       40.162527 	               0 	       35.418281 	               0 	               0 	    -0.033890649
390000 	       32.059536 	               0 	       32.234251 	               0 	               0 	    -0.033755496
395000 	       32.021525 	               0 	       32.147799 	               0 	               0 	    -0.033752535
400000 	       31.831132 	               0 	       32.060533 	               0 	               0 	    -0.033748392
405000 	       32.019698 	               0 	       31.323121 	               0 	               0 	    -0.033752072
410000 	       32.609166 	               0 	       31.293439 	               0 	               0 	    -0.033743956
415000 	       28.452064 	               0 	        28.44018 	               0 	               0 	    -0.033842995
420000 	       28.089201 	               0 	       28.064088 	               0 	               0 	    -0.033860907
425000 	       27.786578 	               0 	       27.858738 	               0 	               0 	      -0.0337929
430000 	       27.166987 	               0 	       27.227475 	               0 	               0 	     -0.03390942
435000 	       26.547756 	               0 	       26.609098 	               0 	               0 	     -0.03390924
440000 	       26.642772 	               0 	       26.632053 	               0 	               0 	    -0.033940672
445000 	       26.294616 	               0 	       26.511384 	               0 	               0 	    -0.033957365
450000 	       26.172342 	               0 	       26.224351 	               0 	               0 	    -0.033954523
455000 	       26.040392 	               0 	       26.023021 	               0 	               0 	     -0.03397802
460000 	       26.074097 	               0 	       26.075611 	               0 	               0 	    -0.033979584
465000 	       25.793703 	               0 	       25.827248 	               0 	               0 	    -0.034015769
470000 	       26.970788 	               0 	       25.739556 	               0 	               0 	    -0.033985379
475000 	       26.938307 	               0 	       25.121906 	               0 	               0 	    -0.034005642
480000 	       25.109571 	               0 	       25.086994 	               0 	               0 	    -0.034116738
485000 	       27.680395 	               0 	       25.835996 	               0 	               0 	    -0.034015587
490000 	       23.562029 	               0 	       25.118586 	               0 	               0 	     -0.03451666
495000 	       23.163659 	               0 	       22.311306 	               0 	               0 	    -0.034849645
500000 	       24.259068 	               0 	       24.268767 	               0 	               0 	    -0.034342624
505000 	        24.14397 	               0 	       24.121527 	               0 	               0 	    -0.034366586
510000 	       29.906969 	               0 	       17.342337 	               0 	               0 	    -0.034774151
515000 	       28.984166 	               0 	       28.981405 	               0 	               0 	    -0.033771144
520000 	       28.789827 	               0 	       28.827609 	               0 	               0 	    -0.033764151
525000 	       28.479675 	               0 	       28.557997 	               0 	               0 	    -0.033804322
530000 	        23.15615 	               0 	       23.718682 	               0 	               0 	    -0.034421605
535000 	       22.337906 	               0 	       22.313305 	               0 	               0 	    -0.034813943
540000 	       21.870702 	               0 	       21.876848 	               0 	               0 	    -0.035014782
545000 	       21.280872 	               0 	       21.301489 	               0 	               0 	    -0.035380459
550000 	       21.423578 	               0 	       21.400345 	               0 	               0 	    -0.035342741
555000 	        21.01983 	               0 	       20.404486 	               0 	               0 	    -0.035756507
560000 	        20.44471 	               0 	       20.759288 	               0 	               0 	    -0.035958281
565000 	       21.203781 	               0 	       21.205995 	               0 	               0 	    -0.035549756
570000 	       25.526923 	               0 	       24.583016 	               0 	               0 	    -0.034109309
575000 	       28.253091 	               0 	       28.037602 	               0 	               0 	    -0.033852155
580000 	        26.58361 	               0 	       26.590626 	               0 	               0 	      -0.0339006
585000 	       26.498273 	               0 	       26.508102 	               0 	               0 	    -0.033931073
590000 	       25.951111 	               0 	       25.999887 	               0 	               0 	    -0.033997958
595000 	       25.923143 	               0 	       25.930924 	               0 	               0 	    -0.034014595
600000 	       25.895893 	               0 	       25.899987 	               0 	               0 	    -0.034014113
