# time[s]   	initial_volume_sediment[m3] 	initial_volume_suspension[m3] 	bedload_boundary_inflow[m3] 	bedload_boundary_outflow[m3] 	bedload_external_source[m3] 	suspension_boundary_inflow[m3] 	suspension_boundary_outflow[m3] 	suspension_external_source[m3] 	present_sediment_volume[m3] 	present_suspension_volume[m3] 	mass_error_absolute[m3] 	mass_error_relative[%] 	hydraulic_timestep[s] 	Element    	Edge      
110000 	72648.0806 	0 	0 	0 	0 	0 	0 	0 	72648.0806 	0 	0 	0 	0.106954423 	        -1 	        -1
120000 	72648.0806 	0 	-415.552085 	0.194484127 	0 	0 	0 	0 	73063.4382 	0 	5.40458132e-08 	7.39710784e-11 	0.0320929053 	      1768 	      3864
130000 	72648.0806 	0 	-966.142985 	0.354875732 	0 	0 	0 	0 	73613.8687 	0 	1.47207174e-07 	1.99972066e-10 	0.012288805 	      1768 	      3864
140000 	72648.0806 	0 	-1468.38497 	3.14108615 	0 	0 	0 	0 	74113.3245 	0 	2.9146031e-07 	3.93263036e-10 	0.00742113977 	      1768 	      3864
150000 	72648.0806 	0 	-1817.90813 	18.6048593 	0 	0 	0 	0 	74447.3839 	0 	5.08443918e-07 	6.82957401e-10 	0.0210922884 	      1768 	      3864
160000 	72648.0806 	0 	-2164.97955 	27.763028 	0 	0 	0 	0 	74785.2971 	0 	7.50034815e-07 	1.00291748e-09 	0.0189392554 	      1768 	      3864
170000.001 	72648.0806 	0 	-2508.31452 	31.3661187 	0 	0 	0 	0 	75125.029 	0 	1.03951606e-06 	1.38371469e-09 	     0.001 	      1768 	      3864
180000 	72648.0806 	0 	-2856.199 	38.7445037 	0 	0 	0 	0 	75465.5351 	0 	1.34852598e-06 	1.78694285e-09 	0.00328698891 	      1768 	      3864
190000 	72648.0806 	0 	-3210.43971 	50.2549435 	0 	0 	0 	0 	75808.2654 	0 	1.69716077e-06 	2.23875426e-09 	0.00552642034 	      1768 	      3864
200000 	72648.0806 	0 	-3584.27417 	92.6989353 	0 	0 	0 	0 	76139.6558 	0 	2.66206916e-06 	3.49629787e-09 	0.00749874258 	      1768 	      3864
210000 	72648.0806 	0 	-3958.16951 	133.408507 	0 	0 	0 	0 	76472.8416 	0 	3.83521547e-06 	5.01513398e-09 	0.00882343101 	      1768 	      3864
220000 	72648.0806 	0 	-4332.58944 	166.092646 	0 	0 	0 	0 	76814.5774 	0 	5.18088927e-06 	6.74466937e-09 	0.00168574191 	      1768 	      3864
230000 	72648.0806 	0 	-4698.00861 	177.106461 	0 	0 	0 	0 	77168.9828 	0 	6.5395725e-06 	8.47435364e-09 	0.00396914888 	      1768 	      3864
240000 	72648.0806 	0 	-5067.8004 	185.347797 	0 	0 	0 	0 	77530.5332 	0 	7.94511288e-06 	1.02477212e-08 	0.0124727645 	      1768 	      3864
250000 	72648.0806 	0 	-5438.57282 	193.331001 	0 	0 	0 	0 	77893.3224 	0 	9.50605317e-06 	1.22039385e-08 	0.00765146129 	      1768 	      3864
260000.001 	72648.0806 	0 	-5801.23298 	195.264714 	0 	0 	0 	0 	78254.0489 	0 	1.1351076e-05 	1.45054168e-08 	     0.001 	      1768 	      3864
270000 	72648.0806 	0 	-6154.54146 	195.317112 	0 	0 	0 	0 	78607.305 	0 	1.31221313e-05 	1.66932722e-08 	0.00570098805 	      1768 	      3864
280000 	72648.0806 	0 	-6514.77418 	195.329148 	0 	0 	0 	0 	78967.5256 	0 	1.47627579e-05 	1.86947201e-08 	0.0123408734 	       171 	       458
290000 	72648.0806 	0 	-6875.43412 	195.329148 	0 	0 	0 	0 	79328.1856 	0 	1.64779194e-05 	2.07718345e-08 	     0.001 	       171 	       458
300000 	72648.0806 	0 	-7229.01819 	195.329148 	0 	0 	0 	0 	79681.7697 	0 	1.82227668e-05 	2.28694303e-08 	0.0142416403 	       171 	       458
310000 	72648.0806 	0 	-7577.76479 	195.329148 	0 	0 	0 	0 	80030.5163 	0 	2.00612121e-05 	2.50669533e-08 	0.00950180052 	       171 	       458
320000 	72648.0806 	0 	-7924.11986 	195.329148 	0 	0 	0 	0 	80376.8713 	0 	2.18649802e-05 	2.72030745e-08 	0.00298400491 	       171 	       458
330000 	72648.0806 	0 	-8266.73966 	195.329148 	0 	0 	0 	0 	80719.4911 	0 	2.36632477e-05 	2.93154074e-08 	0.00363801542 	       171 	       458
340000 	72648.0806 	0 	-8605.01331 	195.329148 	0 	0 	0 	0 	81057.7648 	0 	2.54383922e-05 	3.13830418e-08 	0.00193799764 	       171 	       458
350000 	72648.0806 	0 	-8942.79771 	195.329148 	0 	0 	0 	0 	81395.5492 	0 	2.75512721e-05 	3.38486224e-08 	0.00467514445 	       171 	       458
360000 	72648.0806 	0 	-9280.8338 	195.329148 	0 	0 	0 	0 	81733.5853 	0 	2.96599464e-05 	3.62885665e-08 	0.00574572018 	       171 	       458
370000 	72648.0806 	0 	-9618.69778 	195.329148 	0 	0 	0 	0 	82071.4493 	0 	3.1783522e-05 	3.87266489e-08 	0.00462257798 	       171 	       458
380000 	72648.0806 	0 	-9956.3258 	195.329148 	0 	0 	0 	0 	82409.0773 	0 	3.40268161e-05 	4.12901312e-08 	0.00264586532 	       171 	       458
390000 	72648.0806 	0 	-10293.9768 	195.329148 	0 	0 	0 	0 	82746.7283 	0 	3.61671991e-05 	4.37083132e-08 	0.00945074362 	       171 	       458
400000 	72648.0806 	0 	-10631.4605 	195.329148 	0 	0 	0 	0 	83084.212 	0 	3.83719016e-05 	4.6184348e-08 	0.0116336283 	       171 	       458
410000 	72648.0806 	0 	-10969.009 	195.329148 	0 	0 	0 	0 	83421.7605 	0 	4.06304025e-05 	4.87048011e-08 	0.012710177 	       171 	       458
420000 	72648.0806 	0 	-11307.3256 	195.329148 	0 	0 	0 	0 	83760.0771 	0 	4.29111387e-05 	5.12310163e-08 	0.00922648067 	       171 	       458
430000 	72648.0806 	0 	-11645.6329 	195.329148 	0 	0 	0 	0 	84098.3844 	0 	4.54527908e-05 	5.40471629e-08 	0.00809596985 	       171 	       458
440000 	72648.0806 	0 	-11984.9257 	195.329148 	0 	0 	0 	0 	84437.6772 	0 	4.79434821e-05 	5.67797264e-08 	0.00697334134 	       171 	       458
450000 	72648.0806 	0 	-12324.509 	195.329148 	0 	0 	0 	0 	84777.2605 	0 	5.0290153e-05 	5.93203327e-08 	0.00376834406 	       171 	       458
460000 	72648.0806 	0 	-12664.2706 	195.329148 	0 	0 	0 	0 	85117.0221 	0 	5.23213675e-05 	6.14699225e-08 	0.00474534463 	       171 	       458
470000 	72648.0806 	0 	-13005.0557 	195.329148 	0 	0 	0 	0 	85457.8072 	0 	5.42870403e-05 	6.35249628e-08 	0.0127622337 	       171 	       458
480000 	72648.0806 	0 	-13346.1586 	195.329148 	0 	0 	0 	0 	85798.9101 	0 	5.63833019e-05 	6.57156388e-08 	0.0118203099 	       171 	       458
490000 	72648.0806 	0 	-13688.4647 	195.329148 	0 	0 	0 	0 	86141.2162 	0 	5.85384696e-05 	6.79564002e-08 	0.00415171287 	       171 	       458
500000 	72648.0806 	0 	-14032.2049 	195.329148 	0 	0 	0 	0 	86484.9565 	0 	6.07488619e-05 	7.02421142e-08 	     0.001 	       171 	       458
510000 	72648.0806 	0 	-14396.7849 	195.329148 	0 	0 	0 	0 	86849.5364 	0 	6.28965208e-05 	7.24200997e-08 	0.00351299485 	       171 	       458
520000 	72648.0806 	0 	-14735.0034 	195.329148 	0 	0 	0 	0 	87187.7549 	0 	6.48450659e-05 	7.43740517e-08 	0.00144268211 	       171 	       458
530000 	72648.0806 	0 	-15074.1809 	195.329148 	0 	0 	0 	0 	87526.9324 	0 	6.69712026e-05 	7.6514966e-08 	0.00685862836 	       171 	       458
540000 	72648.0806 	0 	-15422.4232 	195.329148 	0 	0 	0 	0 	87875.1747 	0 	6.9116446e-05 	7.86529827e-08 	0.00654216681 	       171 	       458
550000 	72648.0806 	0 	-15775.1061 	195.329148 	0 	0 	0 	0 	88227.8577 	0 	7.13257032e-05 	8.08426103e-08 	0.00280860066 	       171 	       458
560000 	72648.0806 	0 	-16130.9351 	195.329148 	0 	0 	0 	0 	88583.6866 	0 	7.35647918e-05 	8.30455297e-08 	0.00169992959 	       171 	       458
570000 	72648.0806 	0 	-16482.3892 	195.329148 	0 	0 	0 	0 	88935.1407 	0 	7.62097188e-05 	8.56913456e-08 	0.005322229 	       171 	       458
580000 	72648.0806 	0 	-16822.2075 	195.329148 	0 	0 	0 	0 	89274.959 	0 	7.90131307e-05 	8.85053677e-08 	0.00259412162 	       171 	       458
590000 	72648.0806 	0 	-17161.5613 	195.329148 	0 	0 	0 	0 	89614.3128 	0 	8.15112289e-05 	9.0957824e-08 	0.0069698958 	       171 	       458
600000 	72648.0806 	0 	-17501.6889 	195.329148 	0 	0 	0 	0 	89954.4404 	0 	8.40690336e-05 	9.34573471e-08 	     0.001 	       171 	       458

# Run Time of the simulation= 43937.866 sec
