#  Time[s]  	               7 	              20 	              33 	              46 	              59 	        d50_[mm] 	        d85_[mm] 	        d90_[mm] 	      dMean_[mm] 	active_layer_thickness_[m] 	
110000 	            36.4 	            20.6 	            11.8 	              16 	            15.2 	       15.582524 	       46.171053 	       50.447368 	           26.89 	           0.177
111000 	            36.4 	            20.6 	            11.8 	              16 	            15.2 	       15.582524 	       46.171053 	       50.447368 	           26.89 	           0.177
112000 	            36.4 	            20.6 	            11.8 	              16 	            15.2 	       15.582524 	       46.171053 	       50.447368 	           26.89 	           0.177
113000 	            36.4 	            20.6 	            11.8 	              16 	            15.2 	       15.582524 	       46.171053 	       50.447368 	           26.89 	           0.177
114000 	            36.4 	            20.6 	            11.8 	              16 	            15.2 	       15.582524 	       46.171053 	       50.447368 	           26.89 	           0.177
115000 	       36.648963 	       20.519361 	       11.753809 	       15.937368 	       15.140499 	       15.458523 	       46.120636 	       50.413757 	        26.81214 	           0.177
116000 	       38.785357 	        20.20642 	       11.253419 	       15.258874 	        14.49593 	       14.215051 	       45.570551 	       50.031966 	       26.041568 	           0.177
117000 	       42.884281 	       20.217051 	       10.141205 	       13.721776 	       13.035687 	       11.575561 	       44.139012 	       49.027377 	        24.39498 	           0.177
118000 	         45.5454 	       19.921252 	       9.4941762 	       12.840601 	       12.198571 	       9.9069357 	       43.163795 	       48.343014 	        23.40934 	           0.177
119000 	       47.383575 	       19.547394 	       9.0916003 	       12.296118 	       11.681312 	       8.7400545 	       42.491337 	       47.871113 	       22.774746 	           0.177
120000 	       49.220369 	       19.181355 	       8.6907598 	       11.747444 	       11.160072 	       7.5283882 	       41.750644 	       47.351329 	       22.137914 	           0.177
121000 	       51.513949 	       18.797738 	       8.1854272 	       11.027121 	       10.475765 	               7 	       40.666327 	       46.590405 	       21.319892 	           0.177
122000 	       52.924355 	       18.514335 	       7.8755651 	       10.608074 	       10.077671 	               7 	       39.967776 	       46.100194 	       20.832048 	           0.177
123000 	       54.000816 	       18.255964 	       7.6499829 	       10.304225 	       9.7890134 	               7 	       39.425723 	       45.733815 	       20.471205 	           0.177
124000 	        54.99836 	       17.991657 	        7.447798 	        10.03189 	       9.5302955 	               7 	       38.911988 	       45.391325 	       20.143534 	           0.177
125000 	       56.256437 	       17.699453 	       7.1814658 	       9.6731511 	       9.1894936 	               7 	       38.191109 	       44.910739 	       19.719176 	           0.177
126000 	       57.996904 	       17.350869 	       6.8172483 	       9.1461427 	       8.6888356 	               7 	       37.029537 	       44.136358 	       19.113288 	           0.177
127000 	       60.109405 	       16.933505 	       6.3951614 	       8.4932968 	        8.068632 	               7 	       35.390718 	       43.043812 	       18.372172 	           0.177
128000 	       62.268992 	       16.487262 	       5.9728878 	        7.831209 	       7.4396485 	               7 	        33.44963 	       41.749753 	       17.619084 	           0.177
129000 	       64.397996 	       16.004781 	       5.5621358 	       7.1974809 	       6.8376068 	               7 	       30.744776 	       40.288125 	        16.88935 	           0.177
130000 	       66.780613 	       15.452276 	       5.1221317 	       6.4867239 	       6.1582555 	               7 	       27.022944 	       38.300785 	       16.072665 	           0.177
131000 	        69.36171 	       14.818522 	       4.6604093 	       5.7379475 	       5.4214117 	               7 	       22.286707 	       35.626665 	       15.195048 	           0.177
132000 	        71.94264 	       14.122973 	       4.2054605 	       5.0211941 	       4.7077318 	               7 	       19.019117 	        32.16205 	       14.335692 	           0.177
133000 	        74.61657 	       13.346088 	       3.7439223 	       4.3122102 	       3.9812096 	               7 	       17.114169 	       27.074251 	       13.460402 	           0.177
134000 	       77.355309 	       12.481662 	       3.2785205 	       3.6206688 	       3.2638396 	               7 	       14.962159 	       20.646442 	       12.584289 	           0.177
135000 	       80.043261 	       11.548108 	       2.8256593 	       2.9774096 	       2.6055615 	               7 	       12.579927 	       18.208555 	       11.752007 	           0.177
136000 	       82.763544 	       10.509753 	       2.3721927 	       2.3642793 	       1.9902308 	               7 	       9.7663757 	       15.951107 	       10.940027 	           0.177
137000 	       85.058146 	       9.8496949 	       1.9014367 	       1.7719475 	       1.4187748 	               7 	               7 	       13.522446 	       10.203656 	           0.177
138000 	       86.994403 	       9.2109048 	       1.5014679 	        1.303725 	      0.98949948 	               7 	               7 	       11.242011 	       9.6107917 	           0.177
139000 	       88.143601 	       8.7412638 	       1.2985115 	       1.0549048 	      0.76171846 	               7 	               7 	       9.7608343 	       9.2814837 	           0.177
140000 	       87.217279 	       9.7539566 	        1.324449 	       1.0092992 	       0.6950162 	               7 	               7 	        10.70879 	       9.3674062 	           0.177
141000 	       84.949005 	       12.119435 	       1.3592261 	      0.95281307 	      0.61952072 	               7 	       7.0547005 	       12.417987 	       9.6226733 	           0.177
142000 	       80.013668 	       17.088869 	       1.5735375 	      0.82292162 	      0.50100431 	               7 	       10.793248 	       14.596894 	       10.212134 	           0.177
143000 	       74.294808 	        22.58809 	       2.0591697 	      0.67501455 	      0.38291747 	               7 	       13.161101 	       16.038723 	       10.934209 	           0.177
144000 	       67.229874 	       28.401295 	        3.511869 	      0.57515341 	      0.28180879 	               7 	       15.133842 	        17.42247 	       11.976105 	           0.177
145000 	       61.616974 	        32.71019 	       4.8944198 	      0.55616213 	      0.22225363 	               7 	       16.293108 	       18.280256 	       12.857349 	           0.177
146000 	       57.920265 	       35.672279 	       5.8156844 	      0.44533548 	      0.14643528 	               7 	       16.868631 	       18.690774 	       13.399301 	           0.177
147000 	       55.465435 	       37.844675 	       6.2709518 	      0.32230182 	     0.096636413 	               7 	       17.145399 	       18.862946 	       13.726204 	           0.177
148000 	       53.712633 	       39.741368 	       6.2379738 	      0.24101847 	     0.067005949 	               7 	       17.234569 	       18.870144 	       13.917091 	           0.177
149000 	       52.369498 	       41.569821 	       5.8227764 	      0.18892811 	     0.048976508 	               7 	       17.204435 	       18.768069 	       14.017148 	           0.177
150000 	       51.379241 	       43.123987 	       5.3106125 	      0.14988104 	     0.036277774 	               7 	       17.135191 	       18.642473 	       14.064196 	           0.177
151000 	       50.646362 	       44.465736 	       4.7403698 	      0.12031416 	     0.027218003 	               7 	       17.043628 	       18.505427 	       14.074118 	           0.177
152000 	       49.921823 	       45.703126 	       4.2556742 	     0.098551446 	     0.020825957 	       7.0222371 	       16.977793 	       18.400015 	       14.097146 	           0.177
153000 	       49.088893 	       46.942375 	       3.8703052 	     0.082140735 	      0.01628607 	       7.2523177 	       16.945053 	       18.329729 	       14.149292 	           0.177
154000 	       49.051664 	       47.075282 	       3.7853522 	     0.073888237 	     0.013812953 	       7.2618861 	       16.927256 	       18.308023 	       14.139977 	           0.177
155000 	        48.93338 	       47.208503 	       3.7781069 	     0.067986712 	     0.012023599 	       7.2937196 	       16.931814 	       18.308684 	        14.15218 	           0.177
156000 	        48.37373 	       47.748389 	       3.8038403 	     0.063410214 	     0.010631141 	       7.4427691 	       16.971887 	       18.333189 	       14.226547 	           0.177
157000 	       47.677904 	       48.415493 	       3.8376379 	     0.059477238 	    0.0094880802 	        7.623504 	       17.021322 	       18.363868 	        14.31993 	           0.177
158000 	       47.458156 	       48.416351 	       4.0074381 	     0.084516184 	     0.033538532 	       7.6824961 	       17.080148 	       18.422669 	       14.386461 	           0.177
159000 	       48.329793 	       47.099773 	       4.4450319 	     0.089989616 	     0.035412902 	       7.4609935 	       17.121337 	       18.501387 	       14.332189 	           0.177
160000 	        48.88759 	       46.053939 	       4.9286365 	     0.094066363 	     0.035767973 	       7.3140086 	       17.193728 	       18.605117 	       14.323743 	           0.177
161000 	       49.503617 	       44.902618 	       5.4607116 	     0.097557977 	     0.035495147 	       7.1437104 	        17.27675 	       18.724327 	        14.31363 	           0.177
162000 	       49.952313 	       43.869961 	       6.0415964 	       0.1010069 	     0.035122533 	       7.0141312 	       17.385693 	       18.867344 	       14.331566 	           0.177
163000 	       50.219371 	       42.977829 	       6.6635252 	      0.10447983 	     0.034794469 	               7 	       17.520498 	       19.032906 	       14.378475 	           0.177
164000 	       50.318994 	       42.226084 	       7.3125622 	      0.10785124 	     0.034508146 	               7 	       17.677123 	       19.216455 	       14.450663 	           0.177
165000 	       50.296992 	       41.582689 	       7.9751577 	      0.11095667 	     0.034205071 	               7 	       17.849205 	       19.412355 	        14.54035 	           0.177
166000 	        50.34883 	       40.798592 	       8.7044925 	      0.11414154 	     0.033944081 	               7 	       18.041195 	       19.634387 	       14.629151 	           0.177
167000 	       50.639659 	        39.71598 	       9.4946108 	      0.11658491 	     0.033164431 	               7 	        18.24697 	        19.88359 	        14.69439 	           0.177
168000 	       50.987305 	       38.542287 	       10.319685 	      0.11850993 	     0.032212145 	               7 	       18.472205 	       20.592585 	       14.756585 	           0.177
169000 	       51.213333 	        37.45392 	       11.181232 	      0.12024241 	     0.031272373 	               7 	       18.727121 	       21.549535 	       14.839286 	           0.177
170000 	       51.378703 	       36.401468 	        12.06798 	       0.1215816 	     0.030267789 	               7 	       19.007122 	       22.391268 	       14.933022 	           0.177
171000 	       51.739409 	         35.1653 	       12.944646 	      0.12173498 	     0.028908986 	               7 	       19.295862 	       23.108526 	       14.999606 	           0.177
172000 	       52.148975 	       33.894318 	       13.808231 	      0.12106071 	     0.027416135 	               7 	        19.59985 	       23.725111 	       15.057871 	           0.177
173000 	       52.736775 	        32.52717 	       14.591636 	      0.11883045 	     0.025588369 	               7 	        19.89451 	       24.219453 	       15.082007 	           0.177
174000 	       53.378505 	       31.184467 	       15.298202 	      0.11532182 	     0.023503967 	               7 	       20.371375 	        24.62024 	       15.088711 	           0.177
175000 	        54.03007 	        29.92237 	       15.915454 	       0.1107752 	     0.021329881 	               7 	       20.855664 	       24.939744 	        15.08222 	           0.177
176000 	       54.608018 	       28.797898 	       16.469243 	      0.10565462 	      0.01918676 	               7 	       21.258291 	       25.205042 	       15.076912 	           0.177
177000 	       54.929964 	       27.862589 	       17.088627 	      0.10135137 	     0.017468217 	               7 	       21.679293 	       25.482992 	        15.11379 	           0.177
178000 	       55.064281 	       27.067991 	       17.754227 	     0.097522145 	     0.015979453 	               7 	       22.099808 	       25.760908 	       15.181281 	           0.177
179000 	       55.064543 	       26.380622 	       18.446326 	      0.09391329 	     0.014596391 	               7 	       22.505261 	       26.028998 	       15.269742 	           0.177
180000 	        54.95823 	       25.779288 	       19.158503 	     0.090580072 	     0.013398698 	               7 	       22.892306 	       26.285056 	       15.374812 	           0.177
181000 	       54.843752 	       25.251495 	       19.805689 	     0.086866302 	     0.012197978 	               7 	       23.219368 	       26.501253 	       15.472394 	           0.177
182000 	       54.658181 	       24.787538 	       20.459681 	     0.083414234 	     0.011185242 	               7 	       23.529168 	       26.706148 	       15.580245 	           0.177
183000 	       54.461777 	       24.387641 	       21.060619 	     0.079774886 	       0.0101883 	               7 	       23.796544 	       26.882873 	       15.682564 	           0.177
184000 	       54.369954 	       24.090126 	       21.455629 	     0.075186445 	    0.0091045999 	               7 	       23.962548 	       26.992056 	       15.744237 	           0.177
185000 	       54.352621 	       23.919962 	       21.649314 	     0.070015174 	    0.0080885801 	               7 	       24.039686 	        27.04209 	       15.769929 	           0.177
186000 	       54.375421 	       23.896465 	        21.65679 	     0.064321286 	    0.0070033147 	               7 	        24.03871 	       27.040078 	       15.766033 	           0.177
187000 	       54.395738 	       24.048334 	       21.491797 	     0.058207828 	     0.005922449 	               7 	       23.965562 	       26.989972 	       15.739931 	           0.177
188000 	       54.288026 	       24.344701 	       21.309869 	     0.052431209 	    0.0049731587 	               7 	        23.88433 	       26.934559 	       15.728411 	           0.177
189000 	       54.042635 	       24.693343 	       21.212102 	     0.047609494 	    0.0043108396 	               7 	       23.838954 	       26.903243 	        15.74609 	           0.177
190000 	       53.698792 	       25.050281 	       21.203746 	     0.043452724 	    0.0037294934 	               7 	       23.832439 	       26.897935 	       15.788396 	           0.177
191000 	       53.232295 	       25.718776 	       21.006776 	     0.038962751 	     0.003190298 	               7 	       23.743367 	       26.837607 	       15.822057 	           0.177
192000 	       53.073351 	       26.934244 	       19.956883 	     0.033033977 	    0.0024884135 	               7 	       23.252075 	       26.509096 	       15.704419 	           0.177
193000 	       53.558331 	       28.090358 	       18.322995 	     0.026489339 	    0.0018262604 	               7 	       22.377725 	        25.92518 	       15.427006 	           0.177
194000 	       54.214174 	       28.876542 	        16.72236 	       0.1854074 	    0.0015155979 	               7 	       21.484281 	       25.371292 	       15.174861 	           0.177
195000 	       53.953426 	       27.962664 	       15.329614 	       2.7430824 	     0.011212844 	               7 	       22.615253 	       26.855412 	       15.696479 	           0.177
196000 	       50.958737 	       23.974449 	       13.808868 	       9.7864523 	       1.4714937 	               7 	        29.47714 	       34.671014 	       18.288877 	           0.177
197000 	        44.82348 	       20.978276 	       13.093869 	       16.649417 	       4.4549591 	       10.207831 	       37.766346 	       41.670387 	       21.941433 	           0.177
198000 	       36.076704 	       21.221391 	       13.511535 	       21.212703 	       7.9776676 	       15.529264 	       41.696431 	       44.760633 	       25.693121 	           0.177
199000 	       32.565352 	       22.565802 	       13.731441 	       21.370022 	       9.7673829 	       17.043978 	       42.816848 	       45.858492 	       26.917077 	           0.177
200000 	       33.892755 	       23.174802 	       13.533623 	       19.305473 	       10.093347 	       16.035425 	       42.695938 	       46.120229 	       26.309141 	           0.177
201000 	       37.012922 	        23.57916 	       13.324724 	        16.85045 	       9.2327431 	       14.160222 	       41.550603 	       45.408067 	       24.902421 	           0.177
202000 	       40.125477 	       24.138317 	       13.213553 	       14.758612 	       7.7640415 	       12.318051 	       39.626266 	       44.030475 	       23.366665 	           0.177
203000 	       43.284583 	       24.854249 	       13.102988 	       12.854729 	       5.9034513 	       10.512495 	       36.800651 	       41.857156 	       21.720968 	           0.177
204000 	       48.641018 	       25.891234 	       12.449426 	        9.830427 	       3.1878952 	       7.6823455 	       30.930683 	       36.991504 	       19.094283 	           0.177
205000 	       53.001418 	       26.065013 	       11.698742 	       7.5834696 	       1.6513573 	               7 	       26.593563 	       32.149716 	       17.246383 	           0.177
206000 	       57.257712 	       25.774345 	        10.71638 	       5.4563744 	       0.7951888 	               7 	       22.387304 	       28.452786 	       15.678408 	           0.177
207000 	       60.789144 	       25.500368 	       9.6850358 	       3.6259512 	      0.39950098 	               7 	       19.342611 	       24.980502 	       14.455019 	           0.177
208000 	       56.814216 	       29.252955 	       10.578789 	       3.1198778 	      0.23416297 	               7 	        19.52575 	       24.832952 	       14.891886 	           0.177
209000 	       54.462604 	       31.758377 	       11.048286 	       2.5916478 	      0.13908554 	               7 	       19.500203 	       24.446595 	        15.08421 	           0.177
210000 	       53.828524 	       33.505128 	       10.701374 	       1.8776762 	     0.087297852 	               7 	       19.094543 	       23.239073 	       14.915713 	           0.177
211000 	       53.322891 	       34.262225 	       10.871902 	        1.488738 	     0.054243915 	               7 	       19.019138 	        22.88758 	       14.889598 	           0.177
212000 	       54.021544 	       32.829834 	       11.825797 	       1.2863232 	     0.036501601 	               7 	       19.266889 	       23.461254 	       14.863233 	           0.177
213000 	       53.924649 	       31.516128 	       13.004842 	       1.5307511 	     0.023629542 	               7 	       19.818185 	       24.557525 	       15.087636 	           0.177
214000 	       54.163769 	       30.115392 	       14.245678 	       1.4588191 	     0.016341588 	               7 	       20.657807 	       25.220594 	       15.196314 	           0.177
215000 	       54.500402 	       28.947137 	       15.320988 	       1.2191996 	     0.012272966 	               7 	       21.317277 	       25.559823 	       15.228454 	           0.177
216000 	       54.802201 	        27.97546 	       16.158178 	        1.054616 	    0.0095457553 	               7 	       21.787975 	       25.810705 	         15.2542 	           0.177
217000 	       55.064766 	       27.016589 	       16.959008 	      0.95177514 	    0.0078616473 	               7 	         22.2373 	       26.070071 	       15.296779 	           0.177
218000 	       55.099489 	       26.024212 	       17.974049 	      0.88964609 	     0.012604058 	               7 	       22.803591 	       26.419916 	       15.409916 	           0.177
219000 	       54.939778 	       25.103558 	       19.109248 	      0.83434538 	     0.013070718 	               7 	       23.372013 	       26.773507 	       15.564058 	           0.177
220000 	       54.657478 	       24.276456 	       20.273657 	      0.78122988 	     0.011178854 	               7 	        23.88972 	       27.095851 	       15.737583 	           0.177
221000 	        54.26008 	       23.542169 	       21.455744 	      0.73242947 	    0.0095769716 	               7 	       24.361105 	       27.390597 	       15.929603 	           0.177
222000 	       53.656812 	       22.897676 	       22.745577 	      0.69159369 	    0.0083419059 	               7 	       24.826946 	       27.684644 	       16.164607 	           0.177
223000 	       52.993232 	       22.320246 	       24.025425 	      0.65370562 	    0.0073908857 	               7 	       25.241313 	       27.946781 	       16.407031 	           0.177
224000 	        52.07318 	       21.805147 	       25.490109 	      0.62452062 	    0.0070440384 	               7 	       25.672073 	       28.222082 	       16.709323 	           0.177
225000 	       51.196807 	          21.367 	       26.824337 	      0.60514524 	    0.0067112774 	               7 	       26.027009 	       28.450181 	       16.991534 	           0.177
226000 	       51.211872 	       21.238865 	        26.90726 	      0.63534667 	    0.0066562809 	               7 	       26.063063 	       28.478768 	       17.008187 	           0.177
227000 	       51.220215 	        21.11725 	       26.982678 	      0.67318557 	    0.0066712227 	               7 	        26.10069 	       28.509643 	        17.02675 	           0.177
228000 	        51.73609 	       21.233543 	       26.285298 	      0.73818183 	    0.0068875379 	               7 	       25.949895 	       28.422761 	       16.886011 	           0.177
229000 	       52.148263 	       21.300664 	       25.733545 	      0.81038546 	    0.0071428596 	               7 	       25.835339 	       28.361225 	       16.779573 	           0.177
230000 	       52.568237 	       21.367339 	       25.164424 	      0.89243171 	    0.0075684039 	               7 	       25.715907 	       28.298919 	       16.672488 	           0.177
231000 	        53.13489 	       21.496325 	       24.371916 	       0.9885654 	    0.0083028824 	               7 	       25.530718 	       28.197722 	       16.521079 	           0.177
232000 	       53.835953 	       21.671627 	       23.383692 	       1.0994558 	    0.0092719955 	               7 	       25.277245 	        28.05696 	       16.330681 	           0.177
233000 	       54.544091 	       21.833961 	       22.385667 	       1.2259411 	     0.010339184 	               7 	       25.007013 	       27.910656 	       16.142182 	           0.177
234000 	       55.188177 	       21.965794 	       21.466094 	       1.3688923 	     0.011042246 	               7 	       24.751604 	       27.779635 	       15.976348 	           0.177
235000 	       55.910664 	       22.101238 	       20.445592 	       1.5308467 	     0.011659718 	               7 	        24.44327 	       27.622439 	       15.792108 	           0.177
236000 	        56.65325 	        22.22837 	       19.392002 	       1.7138919 	     0.012486164 	               7 	       24.101636 	       27.453534 	       15.606519 	           0.177
237000 	          57.234 	       22.314784 	       18.516866 	       1.9213234 	     0.013027381 	               7 	       23.827096 	       27.337409 	       15.471397 	           0.177
238000 	       57.798208 	       22.388888 	       17.644983 	       2.1543604 	     0.013561336 	               7 	       23.545923 	        27.22969 	       15.345503 	           0.177
239000 	       58.368284 	       22.455533 	        16.74756 	       2.4145215 	      0.01410155 	               7 	       23.241689 	       27.122851 	       15.222581 	           0.177
240000 	       59.055903 	       22.530889 	       15.705209 	       2.6932261 	     0.014773531 	               7 	       22.825286 	       26.964041 	        15.07041 	           0.177
241000 	       59.738151 	       22.581318 	       14.669879 	       2.9938515 	     0.016799754 	               7 	       22.375405 	       26.806252 	       14.926078 	           0.177
242000 	       60.329831 	       22.625747 	        13.70669 	       3.3187621 	     0.018970173 	               7 	       21.939016 	       26.681226 	       14.809268 	           0.177
243000 	       60.885845 	       22.672075 	       12.771587 	       3.6496655 	     0.020827796 	               7 	       21.467871 	       26.557294 	       14.702182 	           0.177
244000 	       61.322886 	       22.712753 	       11.937097 	       4.0059642 	     0.021299504 	               7 	       21.050229 	       26.495439 	       14.629705 	           0.177
245000 	       61.648725 	       22.746705 	       11.188337 	       4.3946906 	      0.02154186 	               7 	       20.702464 	       26.512085 	        14.59117 	           0.177
246000 	       61.824126 	       22.755515 	       10.571959 	       4.8265137 	      0.02188657 	               7 	       20.516902 	       26.665242 	       14.600648 	           0.177
247000 	       61.831768 	       22.677477 	       10.160876 	       5.3075086 	     0.022370707 	               7 	       20.627881 	       27.024967 	       14.671461 	           0.177
248000 	       61.771627 	       22.531851 	       9.8598595 	        5.813806 	     0.022856437 	               7 	       20.918348 	       27.510734 	       14.771974 	           0.177
249000 	       61.667387 	       22.360737 	       9.6080232 	       6.3405781 	     0.023275383 	               7 	       21.314984 	       28.080163 	        14.88991 	           0.177
250000 	        61.53904 	       22.194768 	       9.3567352 	       6.8858555 	     0.023601963 	               7 	       21.759214 	       28.706082 	       15.015828 	           0.177
251000 	       61.378519 	       22.016518 	       9.1371928 	       7.4439104 	     0.023860726 	               7 	       22.283473 	       29.397255 	        15.15335 	           0.177
252000 	       61.148282 	       21.805383 	       8.9865041 	       8.0356725 	     0.024158128 	               7 	       22.960256 	       30.193324 	       15.317665 	           0.177
253000 	        60.87439 	       21.607857 	       8.8760672 	       8.6172903 	     0.024395023 	               7 	       23.687532 	       31.010595 	       15.490228 	           0.177
254000 	       60.584052 	        21.44758 	        8.804389 	        9.139488 	     0.024490858 	               7 	       24.382903 	       31.765584 	       15.654462 	           0.177
255000 	       60.295195 	       21.312371 	       8.7699721 	       9.5979824 	     0.024478934 	               7 	       25.028709 	       32.440363 	       15.806743 	           0.177
256000 	       60.052889 	       21.226825 	        8.782274 	       9.9136603 	     0.024351771 	               7 	        25.50697 	       32.908242 	       15.921869 	           0.177
257000 	        59.89624 	       21.193967 	       8.8020579 	       10.083535 	      0.02420012 	               7 	       25.774481 	       33.138896 	       15.988914 	           0.177
258000 	       59.760399 	       21.166118 	       8.8193529 	       10.230067 	     0.024063562 	               7 	       26.004441 	        33.32294 	       16.046866 	           0.177
259000 	       59.664672 	       21.147114 	       8.8313356 	       10.332909 	     0.023968538 	               7 	        26.16518 	       33.448994 	        16.08757 	           0.177
260000 	       59.611357 	        21.13704 	       8.8377432 	       10.389941 	     0.023918064 	               7 	       26.253954 	       33.517825 	       16.110143 	           0.177
261000 	       59.605616 	       21.136083 	       8.8383205 	       10.396067 	     0.023913379 	               7 	       26.263397 	       33.525174 	       16.112555 	           0.177
262000 	       59.605557 	       21.136074 	       8.8383262 	        10.39613 	     0.023913364 	               7 	       26.263493 	       33.525249 	        16.11258 	           0.177
263000 	       59.605557 	       21.136074 	       8.8383262 	        10.39613 	     0.023913364 	               7 	       26.263493 	       33.525249 	        16.11258 	           0.177
264000 	       59.605557 	       21.136074 	       8.8383262 	        10.39613 	     0.023913364 	               7 	       26.263493 	       33.525249 	        16.11258 	           0.177
265000 	       59.605557 	       21.136074 	       8.8383262 	        10.39613 	     0.023913364 	               7 	       26.263493 	       33.525249 	        16.11258 	           0.177
266000 	       59.605557 	       21.136074 	       8.8383262 	        10.39613 	     0.023913364 	               7 	       26.263493 	       33.525249 	        16.11258 	           0.177
267000 	       59.605557 	       21.136074 	       8.8383262 	        10.39613 	     0.023913364 	               7 	       26.263493 	       33.525249 	        16.11258 	           0.177
268000 	       59.605557 	       21.136074 	       8.8383262 	        10.39613 	     0.023913364 	               7 	       26.263493 	       33.525249 	        16.11258 	           0.177
269000 	       59.605557 	       21.136074 	       8.8383262 	        10.39613 	     0.023913364 	               7 	       26.263493 	       33.525249 	        16.11258 	           0.177
270000 	       59.605557 	       21.136074 	       8.8383262 	        10.39613 	     0.023913364 	               7 	       26.263493 	       33.525249 	        16.11258 	           0.177
271000 	       59.605557 	       21.136074 	       8.8383262 	        10.39613 	     0.023913364 	               7 	       26.263493 	       33.525249 	        16.11258 	           0.177
272000 	       59.605557 	       21.136074 	       8.8383262 	        10.39613 	     0.023913364 	               7 	       26.263493 	       33.525249 	        16.11258 	           0.177
273000 	       59.605557 	       21.136074 	       8.8383262 	        10.39613 	     0.023913364 	               7 	       26.263493 	       33.525249 	        16.11258 	           0.177
274000 	       59.605557 	       21.136074 	       8.8383262 	        10.39613 	     0.023913364 	               7 	       26.263493 	       33.525249 	        16.11258 	           0.177
275000 	       59.605557 	       21.136074 	       8.8383262 	        10.39613 	     0.023913364 	               7 	       26.263493 	       33.525249 	        16.11258 	           0.177
276000 	       59.605557 	       21.136074 	       8.8383262 	        10.39613 	     0.023913364 	               7 	       26.263493 	       33.525249 	        16.11258 	           0.177
277000 	       59.605557 	       21.136074 	       8.8383262 	        10.39613 	     0.023913364 	               7 	       26.263493 	       33.525249 	        16.11258 	           0.177
278000 	       59.605557 	       21.136074 	       8.8383262 	        10.39613 	     0.023913364 	               7 	       26.263493 	       33.525249 	        16.11258 	           0.177
279000 	       59.605557 	       21.136074 	       8.8383262 	        10.39613 	     0.023913364 	               7 	       26.263493 	       33.525249 	        16.11258 	           0.177
280000 	       59.605557 	       21.136074 	       8.8383262 	        10.39613 	     0.023913364 	               7 	       26.263493 	       33.525249 	        16.11258 	           0.177
281000 	       59.605557 	       21.136074 	       8.8383262 	        10.39613 	     0.023913364 	               7 	       26.263493 	       33.525249 	        16.11258 	           0.177
282000 	       59.605557 	       21.136074 	       8.8383262 	        10.39613 	     0.023913364 	               7 	       26.263493 	       33.525249 	        16.11258 	           0.177
283000 	       59.605557 	       21.136074 	       8.8383262 	        10.39613 	     0.023913364 	               7 	       26.263493 	       33.525249 	        16.11258 	           0.177
284000 	       59.605557 	       21.136074 	       8.8383262 	        10.39613 	     0.023913364 	               7 	       26.263493 	       33.525249 	        16.11258 	           0.177
285000 	       59.605557 	       21.136074 	       8.8383262 	        10.39613 	     0.023913364 	               7 	       26.263493 	       33.525249 	        16.11258 	           0.177
286000 	       59.605557 	       21.136074 	       8.8383262 	        10.39613 	     0.023913364 	               7 	       26.263493 	       33.525249 	        16.11258 	           0.177
287000 	       59.605557 	       21.136074 	       8.8383262 	        10.39613 	     0.023913364 	               7 	       26.263493 	       33.525249 	        16.11258 	           0.177
288000 	       59.605557 	       21.136074 	       8.8383262 	        10.39613 	     0.023913364 	               7 	       26.263493 	       33.525249 	        16.11258 	           0.177
289000 	       59.605557 	       21.136074 	       8.8383262 	        10.39613 	     0.023913364 	               7 	       26.263493 	       33.525249 	        16.11258 	           0.177
290000 	       59.605557 	       21.136074 	       8.8383262 	        10.39613 	     0.023913364 	               7 	       26.263493 	       33.525249 	        16.11258 	           0.177
291000 	       59.605557 	       21.136074 	       8.8383262 	        10.39613 	     0.023913364 	               7 	       26.263493 	       33.525249 	        16.11258 	           0.177
292000 	       59.605557 	       21.136074 	       8.8383262 	        10.39613 	     0.023913364 	               7 	       26.263493 	       33.525249 	        16.11258 	           0.177
293000 	       59.605557 	       21.136074 	       8.8383262 	        10.39613 	     0.023913364 	               7 	       26.263493 	       33.525249 	        16.11258 	           0.177
294000 	       59.605557 	       21.136074 	       8.8383262 	        10.39613 	     0.023913364 	               7 	       26.263493 	       33.525249 	        16.11258 	           0.177
295000 	       59.605557 	       21.136074 	       8.8383262 	        10.39613 	     0.023913364 	               7 	       26.263493 	       33.525249 	        16.11258 	           0.177
296000 	       59.605557 	       21.136074 	       8.8383262 	        10.39613 	     0.023913364 	               7 	       26.263493 	       33.525249 	        16.11258 	           0.177
297000 	       59.605557 	       21.136074 	       8.8383262 	        10.39613 	     0.023913364 	               7 	       26.263493 	       33.525249 	        16.11258 	           0.177
298000 	       59.605557 	       21.136074 	       8.8383262 	        10.39613 	     0.023913364 	               7 	       26.263493 	       33.525249 	        16.11258 	           0.177
299000 	       59.605557 	       21.136074 	       8.8383262 	        10.39613 	     0.023913364 	               7 	       26.263493 	       33.525249 	        16.11258 	           0.177
300000 	       59.605557 	       21.136074 	       8.8383262 	        10.39613 	     0.023913364 	               7 	       26.263493 	       33.525249 	        16.11258 	           0.177
301000 	       59.605557 	       21.136074 	       8.8383262 	        10.39613 	     0.023913364 	               7 	       26.263493 	       33.525249 	        16.11258 	           0.177
302000 	       59.605557 	       21.136074 	       8.8383262 	        10.39613 	     0.023913364 	               7 	       26.263493 	       33.525249 	        16.11258 	           0.177
303000 	       59.605557 	       21.136074 	       8.8383262 	        10.39613 	     0.023913364 	               7 	       26.263493 	       33.525249 	        16.11258 	           0.177
304000 	       59.605557 	       21.136074 	       8.8383262 	        10.39613 	     0.023913364 	               7 	       26.263493 	       33.525249 	        16.11258 	           0.177
305000 	       59.605557 	       21.136074 	       8.8383262 	        10.39613 	     0.023913364 	               7 	       26.263493 	       33.525249 	        16.11258 	           0.177
306000 	       59.605557 	       21.136074 	       8.8383262 	        10.39613 	     0.023913364 	               7 	       26.263493 	       33.525249 	        16.11258 	           0.177
307000 	       59.605557 	       21.136074 	       8.8383262 	        10.39613 	     0.023913364 	               7 	       26.263493 	       33.525249 	        16.11258 	           0.177
308000 	       59.605557 	       21.136074 	       8.8383262 	        10.39613 	     0.023913364 	               7 	       26.263493 	       33.525249 	        16.11258 	           0.177
309000 	       59.605557 	       21.136074 	       8.8383262 	        10.39613 	     0.023913364 	               7 	       26.263493 	       33.525249 	        16.11258 	           0.177
310000 	       59.605557 	       21.136074 	       8.8383262 	        10.39613 	     0.023913364 	               7 	       26.263493 	       33.525249 	        16.11258 	           0.177
311000 	       59.605557 	       21.136074 	       8.8383262 	        10.39613 	     0.023913364 	               7 	       26.263493 	       33.525249 	        16.11258 	           0.177
312000 	       59.605557 	       21.136074 	       8.8383262 	        10.39613 	     0.023913364 	               7 	       26.263493 	       33.525249 	        16.11258 	           0.177
313000 	       59.605557 	       21.136074 	       8.8383262 	        10.39613 	     0.023913364 	               7 	       26.263493 	       33.525249 	        16.11258 	           0.177
314000 	       59.605557 	       21.136074 	       8.8383262 	        10.39613 	     0.023913364 	               7 	       26.263493 	       33.525249 	        16.11258 	           0.177
315000 	       59.605557 	       21.136074 	       8.8383262 	        10.39613 	     0.023913364 	               7 	       26.263493 	       33.525249 	        16.11258 	           0.177
316000 	       59.605557 	       21.136074 	       8.8383262 	        10.39613 	     0.023913364 	               7 	       26.263493 	       33.525249 	        16.11258 	           0.177
317000 	       59.605557 	       21.136074 	       8.8383262 	        10.39613 	     0.023913364 	               7 	       26.263493 	       33.525249 	        16.11258 	           0.177
318000 	       59.605557 	       21.136074 	       8.8383262 	        10.39613 	     0.023913364 	               7 	       26.263493 	       33.525249 	        16.11258 	           0.177
319000 	       59.605557 	       21.136074 	       8.8383262 	        10.39613 	     0.023913364 	               7 	       26.263493 	       33.525249 	        16.11258 	           0.177
320000 	       59.605557 	       21.136074 	       8.8383262 	        10.39613 	     0.023913364 	               7 	       26.263493 	       33.525249 	        16.11258 	           0.177
321000 	       59.605557 	       21.136074 	       8.8383262 	        10.39613 	     0.023913364 	               7 	       26.263493 	       33.525249 	        16.11258 	           0.177
322000 	       59.605557 	       21.136074 	       8.8383262 	        10.39613 	     0.023913364 	               7 	       26.263493 	       33.525249 	        16.11258 	           0.177
323000 	       59.605557 	       21.136074 	       8.8383262 	        10.39613 	     0.023913364 	               7 	       26.263493 	       33.525249 	        16.11258 	           0.177
324000 	       59.605557 	       21.136074 	       8.8383262 	        10.39613 	     0.023913364 	               7 	       26.263493 	       33.525249 	        16.11258 	           0.177
325000 	       59.605557 	       21.136074 	       8.8383262 	        10.39613 	     0.023913364 	               7 	       26.263493 	       33.525249 	        16.11258 	           0.177
326000 	       59.605557 	       21.136074 	       8.8383262 	        10.39613 	     0.023913364 	               7 	       26.263493 	       33.525249 	        16.11258 	           0.177
327000 	       59.605557 	       21.136074 	       8.8383262 	        10.39613 	     0.023913364 	               7 	       26.263493 	       33.525249 	        16.11258 	           0.177
328000 	       59.605557 	       21.136074 	       8.8383262 	        10.39613 	     0.023913364 	               7 	       26.263493 	       33.525249 	        16.11258 	           0.177
329000 	       59.605557 	       21.136074 	       8.8383262 	        10.39613 	     0.023913364 	               7 	       26.263493 	       33.525249 	        16.11258 	           0.177
330000 	       59.605557 	       21.136074 	       8.8383262 	        10.39613 	     0.023913364 	               7 	       26.263493 	       33.525249 	        16.11258 	           0.177
331000 	       59.605557 	       21.136074 	       8.8383262 	        10.39613 	     0.023913364 	               7 	       26.263493 	       33.525249 	        16.11258 	           0.177
332000 	       59.605557 	       21.136074 	       8.8383262 	        10.39613 	     0.023913364 	               7 	       26.263493 	       33.525249 	        16.11258 	           0.177
333000 	       59.605557 	       21.136074 	       8.8383262 	        10.39613 	     0.023913364 	               7 	       26.263493 	       33.525249 	        16.11258 	           0.177
334000 	       59.605557 	       21.136074 	       8.8383262 	        10.39613 	     0.023913364 	               7 	       26.263493 	       33.525249 	        16.11258 	           0.177
335000 	       59.605557 	       21.136074 	       8.8383262 	        10.39613 	     0.023913364 	               7 	       26.263493 	       33.525249 	        16.11258 	           0.177
336000 	       59.605557 	       21.136074 	       8.8383262 	        10.39613 	     0.023913364 	               7 	       26.263493 	       33.525249 	        16.11258 	           0.177
337000 	       59.605557 	       21.136074 	       8.8383262 	        10.39613 	     0.023913364 	               7 	       26.263493 	       33.525249 	        16.11258 	           0.177
338000 	       59.605557 	       21.136074 	       8.8383262 	        10.39613 	     0.023913364 	               7 	       26.263493 	       33.525249 	        16.11258 	           0.177
339000 	       59.605557 	       21.136074 	       8.8383262 	        10.39613 	     0.023913364 	               7 	       26.263493 	       33.525249 	        16.11258 	           0.177
340000 	       59.605557 	       21.136074 	       8.8383262 	        10.39613 	     0.023913364 	               7 	       26.263493 	       33.525249 	        16.11258 	           0.177
341000 	       59.605557 	       21.136074 	       8.8383262 	        10.39613 	     0.023913364 	               7 	       26.263493 	       33.525249 	        16.11258 	           0.177
342000 	       59.605557 	       21.136074 	       8.8383262 	        10.39613 	     0.023913364 	               7 	       26.263493 	       33.525249 	        16.11258 	           0.177
343000 	       59.605557 	       21.136074 	       8.8383262 	        10.39613 	     0.023913364 	               7 	       26.263493 	       33.525249 	        16.11258 	           0.177
344000 	       59.605557 	       21.136074 	       8.8383262 	        10.39613 	     0.023913364 	               7 	       26.263493 	       33.525249 	        16.11258 	           0.177
345000 	       59.605557 	       21.136074 	       8.8383262 	        10.39613 	     0.023913364 	               7 	       26.263493 	       33.525249 	        16.11258 	           0.177
346000 	       59.605557 	       21.136074 	       8.8383262 	        10.39613 	     0.023913364 	               7 	       26.263493 	       33.525249 	        16.11258 	           0.177
347000 	       59.605557 	       21.136074 	       8.8383262 	        10.39613 	     0.023913364 	               7 	       26.263493 	       33.525249 	        16.11258 	           0.177
348000 	       59.605557 	       21.136074 	       8.8383262 	        10.39613 	     0.023913364 	               7 	       26.263493 	       33.525249 	        16.11258 	           0.177
349000 	       59.605557 	       21.136074 	       8.8383262 	        10.39613 	     0.023913364 	               7 	       26.263493 	       33.525249 	        16.11258 	           0.177
350000 	       59.605557 	       21.136074 	       8.8383262 	        10.39613 	     0.023913364 	               7 	       26.263493 	       33.525249 	        16.11258 	           0.177
351000 	       59.605557 	       21.136074 	       8.8383262 	        10.39613 	     0.023913364 	               7 	       26.263493 	       33.525249 	        16.11258 	           0.177
352000 	       59.605557 	       21.136074 	       8.8383262 	        10.39613 	     0.023913364 	               7 	       26.263493 	       33.525249 	        16.11258 	           0.177
353000 	       59.605557 	       21.136074 	       8.8383262 	        10.39613 	     0.023913364 	               7 	       26.263493 	       33.525249 	        16.11258 	           0.177
354000 	       59.605557 	       21.136074 	       8.8383262 	        10.39613 	     0.023913364 	               7 	       26.263493 	       33.525249 	        16.11258 	           0.177
355000 	       59.605557 	       21.136074 	       8.8383262 	        10.39613 	     0.023913364 	               7 	       26.263493 	       33.525249 	        16.11258 	           0.177
356000 	       59.605557 	       21.136074 	       8.8383262 	        10.39613 	     0.023913364 	               7 	       26.263493 	       33.525249 	        16.11258 	           0.177
357000 	       59.605557 	       21.136074 	       8.8383262 	        10.39613 	     0.023913364 	               7 	       26.263493 	       33.525249 	        16.11258 	           0.177
358000 	       59.605557 	       21.136074 	       8.8383262 	        10.39613 	     0.023913364 	               7 	       26.263493 	       33.525249 	        16.11258 	           0.177
359000 	       59.605557 	       21.136074 	       8.8383262 	        10.39613 	     0.023913364 	               7 	       26.263493 	       33.525249 	        16.11258 	           0.177
360000 	       59.605557 	       21.136074 	       8.8383262 	        10.39613 	     0.023913364 	               7 	       26.263493 	       33.525249 	        16.11258 	           0.177
361000 	       59.605557 	       21.136074 	       8.8383262 	        10.39613 	     0.023913364 	               7 	       26.263493 	       33.525249 	        16.11258 	           0.177
362000 	       59.605557 	       21.136074 	       8.8383262 	        10.39613 	     0.023913364 	               7 	       26.263493 	       33.525249 	        16.11258 	           0.177
363000 	       59.605557 	       21.136074 	       8.8383262 	        10.39613 	     0.023913364 	               7 	       26.263493 	       33.525249 	        16.11258 	           0.177
364000 	       59.605557 	       21.136074 	       8.8383262 	        10.39613 	     0.023913364 	               7 	       26.263493 	       33.525249 	        16.11258 	           0.177
365000 	       59.605557 	       21.136074 	       8.8383262 	        10.39613 	     0.023913364 	               7 	       26.263493 	       33.525249 	        16.11258 	           0.177
366000 	       59.605557 	       21.136074 	       8.8383262 	        10.39613 	     0.023913364 	               7 	       26.263493 	       33.525249 	        16.11258 	           0.177
367000 	       59.605557 	       21.136074 	       8.8383262 	        10.39613 	     0.023913364 	               7 	       26.263493 	       33.525249 	        16.11258 	           0.177
368000 	       59.605557 	       21.136074 	       8.8383262 	        10.39613 	     0.023913364 	               7 	       26.263493 	       33.525249 	        16.11258 	           0.177
369000 	       59.605557 	       21.136074 	       8.8383262 	        10.39613 	     0.023913364 	               7 	       26.263493 	       33.525249 	        16.11258 	           0.177
370000 	       59.605557 	       21.136074 	       8.8383262 	        10.39613 	     0.023913364 	               7 	       26.263493 	       33.525249 	        16.11258 	           0.177
371000 	       59.605557 	       21.136074 	       8.8383262 	        10.39613 	     0.023913364 	               7 	       26.263493 	       33.525249 	        16.11258 	           0.177
372000 	       59.605557 	       21.136074 	       8.8383262 	        10.39613 	     0.023913364 	               7 	       26.263493 	       33.525249 	        16.11258 	           0.177
373000 	       59.605557 	       21.136074 	       8.8383262 	        10.39613 	     0.023913364 	               7 	       26.263493 	       33.525249 	        16.11258 	           0.177
374000 	       59.605557 	       21.136074 	       8.8383262 	        10.39613 	     0.023913364 	               7 	       26.263493 	       33.525249 	        16.11258 	           0.177
375000 	       59.605557 	       21.136074 	       8.8383262 	        10.39613 	     0.023913364 	               7 	       26.263493 	       33.525249 	        16.11258 	           0.177
376000 	       59.605557 	       21.136074 	       8.8383262 	        10.39613 	     0.023913364 	               7 	       26.263493 	       33.525249 	        16.11258 	           0.177
377000 	       59.605557 	       21.136074 	       8.8383262 	        10.39613 	     0.023913364 	               7 	       26.263493 	       33.525249 	        16.11258 	           0.177
378000 	       59.605557 	       21.136074 	       8.8383262 	        10.39613 	     0.023913364 	               7 	       26.263493 	       33.525249 	        16.11258 	           0.177
379000 	       59.605557 	       21.136074 	       8.8383262 	        10.39613 	     0.023913364 	               7 	       26.263493 	       33.525249 	        16.11258 	           0.177
380000 	       59.605557 	       21.136074 	       8.8383262 	        10.39613 	     0.023913364 	               7 	       26.263493 	       33.525249 	        16.11258 	           0.177
381000 	       59.605557 	       21.136074 	       8.8383262 	        10.39613 	     0.023913364 	               7 	       26.263493 	       33.525249 	        16.11258 	           0.177
382000 	       59.605557 	       21.136074 	       8.8383262 	        10.39613 	     0.023913364 	               7 	       26.263493 	       33.525249 	        16.11258 	           0.177
383000 	       59.605557 	       21.136074 	       8.8383262 	        10.39613 	     0.023913364 	               7 	       26.263493 	       33.525249 	        16.11258 	           0.177
384000 	       59.605557 	       21.136074 	       8.8383262 	        10.39613 	     0.023913364 	               7 	       26.263493 	       33.525249 	        16.11258 	           0.177
385000 	       59.605557 	       21.136074 	       8.8383262 	        10.39613 	     0.023913364 	               7 	       26.263493 	       33.525249 	        16.11258 	           0.177
386000 	       59.605557 	       21.136074 	       8.8383262 	        10.39613 	     0.023913364 	               7 	       26.263493 	       33.525249 	        16.11258 	           0.177
387000 	       59.605557 	       21.136074 	       8.8383262 	        10.39613 	     0.023913364 	               7 	       26.263493 	       33.525249 	        16.11258 	           0.177
388000 	       59.605557 	       21.136074 	       8.8383262 	        10.39613 	     0.023913364 	               7 	       26.263493 	       33.525249 	        16.11258 	           0.177
389000 	       59.605557 	       21.136074 	       8.8383262 	        10.39613 	     0.023913364 	               7 	       26.263493 	       33.525249 	        16.11258 	           0.177
390000 	       59.605557 	       21.136074 	       8.8383262 	        10.39613 	     0.023913364 	               7 	       26.263493 	       33.525249 	        16.11258 	           0.177
391000 	       59.605557 	       21.136074 	       8.8383262 	        10.39613 	     0.023913364 	               7 	       26.263493 	       33.525249 	        16.11258 	           0.177
392000 	       59.605557 	       21.136074 	       8.8383262 	        10.39613 	     0.023913364 	               7 	       26.263493 	       33.525249 	        16.11258 	           0.177
393000 	       59.605557 	       21.136074 	       8.8383262 	        10.39613 	     0.023913364 	               7 	       26.263493 	       33.525249 	        16.11258 	           0.177
394000 	       59.605557 	       21.136074 	       8.8383262 	        10.39613 	     0.023913364 	               7 	       26.263493 	       33.525249 	        16.11258 	           0.177
395000 	       59.605557 	       21.136074 	       8.8383262 	        10.39613 	     0.023913364 	               7 	       26.263493 	       33.525249 	        16.11258 	           0.177
396000 	       59.605557 	       21.136074 	       8.8383262 	        10.39613 	     0.023913364 	               7 	       26.263493 	       33.525249 	        16.11258 	           0.177
397000 	       59.605557 	       21.136074 	       8.8383262 	        10.39613 	     0.023913364 	               7 	       26.263493 	       33.525249 	        16.11258 	           0.177
398000 	       59.605557 	       21.136074 	       8.8383262 	        10.39613 	     0.023913364 	               7 	       26.263493 	       33.525249 	        16.11258 	           0.177
399000 	       59.605557 	       21.136074 	       8.8383262 	        10.39613 	     0.023913364 	               7 	       26.263493 	       33.525249 	        16.11258 	           0.177
400000 	       59.605557 	       21.136074 	       8.8383262 	        10.39613 	     0.023913364 	               7 	       26.263493 	       33.525249 	        16.11258 	           0.177
401000 	       59.605557 	       21.136074 	       8.8383262 	        10.39613 	     0.023913364 	               7 	       26.263493 	       33.525249 	        16.11258 	           0.177
402000 	       59.605557 	       21.136074 	       8.8383262 	        10.39613 	     0.023913364 	               7 	       26.263493 	       33.525249 	        16.11258 	           0.177
403000 	       59.605557 	       21.136074 	       8.8383262 	        10.39613 	     0.023913364 	               7 	       26.263493 	       33.525249 	        16.11258 	           0.177
404000 	       59.605557 	       21.136074 	       8.8383262 	        10.39613 	     0.023913364 	               7 	       26.263493 	       33.525249 	        16.11258 	           0.177
405000 	       59.605557 	       21.136074 	       8.8383262 	        10.39613 	     0.023913364 	               7 	       26.263493 	       33.525249 	        16.11258 	           0.177
406000 	       59.605557 	       21.136074 	       8.8383262 	        10.39613 	     0.023913364 	               7 	       26.263493 	       33.525249 	        16.11258 	           0.177
407000 	       59.605557 	       21.136074 	       8.8383262 	        10.39613 	     0.023913364 	               7 	       26.263493 	       33.525249 	        16.11258 	           0.177
408000 	       59.605557 	       21.136074 	       8.8383262 	        10.39613 	     0.023913364 	               7 	       26.263493 	       33.525249 	        16.11258 	           0.177
409000 	       59.605557 	       21.136074 	       8.8383262 	        10.39613 	     0.023913364 	               7 	       26.263493 	       33.525249 	        16.11258 	           0.177
410000 	       59.605557 	       21.136074 	       8.8383262 	        10.39613 	     0.023913364 	               7 	       26.263493 	       33.525249 	        16.11258 	           0.177
411000 	       59.605557 	       21.136074 	       8.8383262 	        10.39613 	     0.023913364 	               7 	       26.263493 	       33.525249 	        16.11258 	           0.177
412000 	       59.605557 	       21.136074 	       8.8383262 	        10.39613 	     0.023913364 	               7 	       26.263493 	       33.525249 	        16.11258 	           0.177
413000 	       59.605557 	       21.136074 	       8.8383262 	        10.39613 	     0.023913364 	               7 	       26.263493 	       33.525249 	        16.11258 	           0.177
414000 	       59.605557 	       21.136074 	       8.8383262 	        10.39613 	     0.023913364 	               7 	       26.263493 	       33.525249 	        16.11258 	           0.177
415000 	       59.605557 	       21.136074 	       8.8383262 	        10.39613 	     0.023913364 	               7 	       26.263493 	       33.525249 	        16.11258 	           0.177
416000 	       59.605557 	       21.136074 	       8.8383262 	        10.39613 	     0.023913364 	               7 	       26.263493 	       33.525249 	        16.11258 	           0.177
417000 	       59.605557 	       21.136074 	       8.8383262 	        10.39613 	     0.023913364 	               7 	       26.263493 	       33.525249 	        16.11258 	           0.177
418000 	       59.605557 	       21.136074 	       8.8383262 	        10.39613 	     0.023913364 	               7 	       26.263493 	       33.525249 	        16.11258 	           0.177
419000 	       59.605557 	       21.136074 	       8.8383262 	        10.39613 	     0.023913364 	               7 	       26.263493 	       33.525249 	        16.11258 	           0.177
420000 	       59.605557 	       21.136074 	       8.8383262 	        10.39613 	     0.023913364 	               7 	       26.263493 	       33.525249 	        16.11258 	           0.177
421000 	       59.605557 	       21.136074 	       8.8383262 	        10.39613 	     0.023913364 	               7 	       26.263493 	       33.525249 	        16.11258 	           0.177
422000 	       59.605557 	       21.136074 	       8.8383262 	        10.39613 	     0.023913364 	               7 	       26.263493 	       33.525249 	        16.11258 	           0.177
423000 	       59.605557 	       21.136074 	       8.8383262 	        10.39613 	     0.023913364 	               7 	       26.263493 	       33.525249 	        16.11258 	           0.177
424000 	       59.605557 	       21.136074 	       8.8383262 	        10.39613 	     0.023913364 	               7 	       26.263493 	       33.525249 	        16.11258 	           0.177
425000 	       59.605557 	       21.136074 	       8.8383262 	        10.39613 	     0.023913364 	               7 	       26.263493 	       33.525249 	        16.11258 	           0.177
426000 	       59.605557 	       21.136074 	       8.8383262 	        10.39613 	     0.023913364 	               7 	       26.263493 	       33.525249 	        16.11258 	           0.177
427000 	       59.605557 	       21.136074 	       8.8383262 	        10.39613 	     0.023913364 	               7 	       26.263493 	       33.525249 	        16.11258 	           0.177
428000 	       59.605557 	       21.136074 	       8.8383262 	        10.39613 	     0.023913364 	               7 	       26.263493 	       33.525249 	        16.11258 	           0.177
429000 	       59.605557 	       21.136074 	       8.8383262 	        10.39613 	     0.023913364 	               7 	       26.263493 	       33.525249 	        16.11258 	           0.177
430000 	       59.605557 	       21.136074 	       8.8383262 	        10.39613 	     0.023913364 	               7 	       26.263493 	       33.525249 	        16.11258 	           0.177
431000 	       59.605557 	       21.136074 	       8.8383262 	        10.39613 	     0.023913364 	               7 	       26.263493 	       33.525249 	        16.11258 	           0.177
432000 	       59.605557 	       21.136074 	       8.8383262 	        10.39613 	     0.023913364 	               7 	       26.263493 	       33.525249 	        16.11258 	           0.177
433000 	       59.605557 	       21.136074 	       8.8383262 	        10.39613 	     0.023913364 	               7 	       26.263493 	       33.525249 	        16.11258 	           0.177
434000 	       59.605557 	       21.136074 	       8.8383262 	        10.39613 	     0.023913364 	               7 	       26.263493 	       33.525249 	        16.11258 	           0.177
435000 	       59.605557 	       21.136074 	       8.8383262 	        10.39613 	     0.023913364 	               7 	       26.263493 	       33.525249 	        16.11258 	           0.177
436000 	       59.605557 	       21.136074 	       8.8383262 	        10.39613 	     0.023913364 	               7 	       26.263493 	       33.525249 	        16.11258 	           0.177
437000 	       59.605557 	       21.136074 	       8.8383262 	        10.39613 	     0.023913364 	               7 	       26.263493 	       33.525249 	        16.11258 	           0.177
438000 	       59.605557 	       21.136074 	       8.8383262 	        10.39613 	     0.023913364 	               7 	       26.263493 	       33.525249 	        16.11258 	           0.177
439000 	       59.605557 	       21.136074 	       8.8383262 	        10.39613 	     0.023913364 	               7 	       26.263493 	       33.525249 	        16.11258 	           0.177
440000 	       59.605557 	       21.136074 	       8.8383262 	        10.39613 	     0.023913364 	               7 	       26.263493 	       33.525249 	        16.11258 	           0.177
441000 	       59.605557 	       21.136074 	       8.8383262 	        10.39613 	     0.023913364 	               7 	       26.263493 	       33.525249 	        16.11258 	           0.177
442000 	       59.605557 	       21.136074 	       8.8383262 	        10.39613 	     0.023913364 	               7 	       26.263493 	       33.525249 	        16.11258 	           0.177
443000 	       59.605557 	       21.136074 	       8.8383262 	        10.39613 	     0.023913364 	               7 	       26.263493 	       33.525249 	        16.11258 	           0.177
444000 	       59.605557 	       21.136074 	       8.8383262 	        10.39613 	     0.023913364 	               7 	       26.263493 	       33.525249 	        16.11258 	           0.177
445000 	       59.605557 	       21.136074 	       8.8383262 	        10.39613 	     0.023913364 	               7 	       26.263493 	       33.525249 	        16.11258 	           0.177
446000 	       59.605557 	       21.136074 	       8.8383262 	        10.39613 	     0.023913364 	               7 	       26.263493 	       33.525249 	        16.11258 	           0.177
447000 	       59.605557 	       21.136074 	       8.8383262 	        10.39613 	     0.023913364 	               7 	       26.263493 	       33.525249 	        16.11258 	           0.177
448000 	       59.605557 	       21.136074 	       8.8383262 	        10.39613 	     0.023913364 	               7 	       26.263493 	       33.525249 	        16.11258 	           0.177
449000 	       59.605557 	       21.136074 	       8.8383262 	        10.39613 	     0.023913364 	               7 	       26.263493 	       33.525249 	        16.11258 	           0.177
450000 	       59.605557 	       21.136074 	       8.8383262 	        10.39613 	     0.023913364 	               7 	       26.263493 	       33.525249 	        16.11258 	           0.177
451000 	       59.605557 	       21.136074 	       8.8383262 	        10.39613 	     0.023913364 	               7 	       26.263493 	       33.525249 	        16.11258 	           0.177
452000 	       59.605557 	       21.136074 	       8.8383262 	        10.39613 	     0.023913364 	               7 	       26.263493 	       33.525249 	        16.11258 	           0.177
453000 	       59.605557 	       21.136074 	       8.8383262 	        10.39613 	     0.023913364 	               7 	       26.263493 	       33.525249 	        16.11258 	           0.177
454000 	       59.605557 	       21.136074 	       8.8383262 	        10.39613 	     0.023913364 	               7 	       26.263493 	       33.525249 	        16.11258 	           0.177
455000 	       59.605557 	       21.136074 	       8.8383262 	        10.39613 	     0.023913364 	               7 	       26.263493 	       33.525249 	        16.11258 	           0.177
456000 	       59.605557 	       21.136074 	       8.8383262 	        10.39613 	     0.023913364 	               7 	       26.263493 	       33.525249 	        16.11258 	           0.177
457000 	       59.605557 	       21.136074 	       8.8383262 	        10.39613 	     0.023913364 	               7 	       26.263493 	       33.525249 	        16.11258 	           0.177
458000 	       59.605557 	       21.136074 	       8.8383262 	        10.39613 	     0.023913364 	               7 	       26.263493 	       33.525249 	        16.11258 	           0.177
459000 	       59.605557 	       21.136074 	       8.8383262 	        10.39613 	     0.023913364 	               7 	       26.263493 	       33.525249 	        16.11258 	           0.177
460000 	       59.605557 	       21.136074 	       8.8383262 	        10.39613 	     0.023913364 	               7 	       26.263493 	       33.525249 	        16.11258 	           0.177
461000 	       59.605557 	       21.136074 	       8.8383262 	        10.39613 	     0.023913364 	               7 	       26.263493 	       33.525249 	        16.11258 	           0.177
462000 	       59.605557 	       21.136074 	       8.8383262 	        10.39613 	     0.023913364 	               7 	       26.263493 	       33.525249 	        16.11258 	           0.177
463000 	       59.605557 	       21.136074 	       8.8383262 	        10.39613 	     0.023913364 	               7 	       26.263493 	       33.525249 	        16.11258 	           0.177
464000 	       59.605557 	       21.136074 	       8.8383262 	        10.39613 	     0.023913364 	               7 	       26.263493 	       33.525249 	        16.11258 	           0.177
465000 	       59.605557 	       21.136074 	       8.8383262 	        10.39613 	     0.023913364 	               7 	       26.263493 	       33.525249 	        16.11258 	           0.177
466000 	       59.605557 	       21.136074 	       8.8383262 	        10.39613 	     0.023913364 	               7 	       26.263493 	       33.525249 	        16.11258 	           0.177
467000 	       59.605557 	       21.136074 	       8.8383262 	        10.39613 	     0.023913364 	               7 	       26.263493 	       33.525249 	        16.11258 	           0.177
468000 	       59.605557 	       21.136074 	       8.8383262 	        10.39613 	     0.023913364 	               7 	       26.263493 	       33.525249 	        16.11258 	           0.177
469000 	       59.605557 	       21.136074 	       8.8383262 	        10.39613 	     0.023913364 	               7 	       26.263493 	       33.525249 	        16.11258 	           0.177
470000 	       59.605557 	       21.136074 	       8.8383262 	        10.39613 	     0.023913364 	               7 	       26.263493 	       33.525249 	        16.11258 	           0.177
471000 	       59.605557 	       21.136074 	       8.8383262 	        10.39613 	     0.023913364 	               7 	       26.263493 	       33.525249 	        16.11258 	           0.177
472000 	       59.605557 	       21.136074 	       8.8383262 	        10.39613 	     0.023913364 	               7 	       26.263493 	       33.525249 	        16.11258 	           0.177
473000 	       59.605557 	       21.136074 	       8.8383262 	        10.39613 	     0.023913364 	               7 	       26.263493 	       33.525249 	        16.11258 	           0.177
474000 	       59.605557 	       21.136074 	       8.8383262 	        10.39613 	     0.023913364 	               7 	       26.263493 	       33.525249 	        16.11258 	           0.177
475000 	       59.605557 	       21.136074 	       8.8383262 	        10.39613 	     0.023913364 	               7 	       26.263493 	       33.525249 	        16.11258 	           0.177
476000 	       59.605557 	       21.136074 	       8.8383262 	        10.39613 	     0.023913364 	               7 	       26.263493 	       33.525249 	        16.11258 	           0.177
477000 	       59.605557 	       21.136074 	       8.8383262 	        10.39613 	     0.023913364 	               7 	       26.263493 	       33.525249 	        16.11258 	           0.177
478000 	       59.605557 	       21.136074 	       8.8383262 	        10.39613 	     0.023913364 	               7 	       26.263493 	       33.525249 	        16.11258 	           0.177
479000 	       59.605557 	       21.136074 	       8.8383262 	        10.39613 	     0.023913364 	               7 	       26.263493 	       33.525249 	        16.11258 	           0.177
480000 	       59.605557 	       21.136074 	       8.8383262 	        10.39613 	     0.023913364 	               7 	       26.263493 	       33.525249 	        16.11258 	           0.177
481000 	       59.605557 	       21.136074 	       8.8383262 	        10.39613 	     0.023913364 	               7 	       26.263493 	       33.525249 	        16.11258 	           0.177
482000 	       59.605557 	       21.136074 	       8.8383262 	        10.39613 	     0.023913364 	               7 	       26.263493 	       33.525249 	        16.11258 	           0.177
483000 	       59.605557 	       21.136074 	       8.8383262 	        10.39613 	     0.023913364 	               7 	       26.263493 	       33.525249 	        16.11258 	           0.177
484000 	       59.605557 	       21.136074 	       8.8383262 	        10.39613 	     0.023913364 	               7 	       26.263493 	       33.525249 	        16.11258 	           0.177
485000 	       59.605557 	       21.136074 	       8.8383262 	        10.39613 	     0.023913364 	               7 	       26.263493 	       33.525249 	        16.11258 	           0.177
486000 	       59.605557 	       21.136074 	       8.8383262 	        10.39613 	     0.023913364 	               7 	       26.263493 	       33.525249 	        16.11258 	           0.177
487000 	       59.605557 	       21.136074 	       8.8383262 	        10.39613 	     0.023913364 	               7 	       26.263493 	       33.525249 	        16.11258 	           0.177
488000 	       59.605557 	       21.136074 	       8.8383262 	        10.39613 	     0.023913364 	               7 	       26.263493 	       33.525249 	        16.11258 	           0.177
489000 	       59.605557 	       21.136074 	       8.8383262 	        10.39613 	     0.023913364 	               7 	       26.263493 	       33.525249 	        16.11258 	           0.177
490000 	       59.605557 	       21.136074 	       8.8383262 	        10.39613 	     0.023913364 	               7 	       26.263493 	       33.525249 	        16.11258 	           0.177
491000 	       59.605557 	       21.136074 	       8.8383262 	        10.39613 	     0.023913364 	               7 	       26.263493 	       33.525249 	        16.11258 	           0.177
492000 	       59.605557 	       21.136074 	       8.8383262 	        10.39613 	     0.023913364 	               7 	       26.263493 	       33.525249 	        16.11258 	           0.177
493000 	       59.605557 	       21.136074 	       8.8383262 	        10.39613 	     0.023913364 	               7 	       26.263493 	       33.525249 	        16.11258 	           0.177
494000 	       59.605557 	       21.136074 	       8.8383262 	        10.39613 	     0.023913364 	               7 	       26.263493 	       33.525249 	        16.11258 	           0.177
495000 	       59.605557 	       21.136074 	       8.8383262 	        10.39613 	     0.023913364 	               7 	       26.263493 	       33.525249 	        16.11258 	           0.177
496000 	       59.605557 	       21.136074 	       8.8383262 	        10.39613 	     0.023913364 	               7 	       26.263493 	       33.525249 	        16.11258 	           0.177
497000 	       59.605557 	       21.136074 	       8.8383262 	        10.39613 	     0.023913364 	               7 	       26.263493 	       33.525249 	        16.11258 	           0.177
498000 	       59.605557 	       21.136074 	       8.8383262 	        10.39613 	     0.023913364 	               7 	       26.263493 	       33.525249 	        16.11258 	           0.177
499000 	       59.605557 	       21.136074 	       8.8383262 	        10.39613 	     0.023913364 	               7 	       26.263493 	       33.525249 	        16.11258 	           0.177
500000 	       59.605557 	       21.136074 	       8.8383262 	        10.39613 	     0.023913364 	               7 	       26.263493 	       33.525249 	        16.11258 	           0.177
501000 	       59.605557 	       21.136074 	       8.8383262 	        10.39613 	     0.023913364 	               7 	       26.263493 	       33.525249 	        16.11258 	           0.177
502000 	       59.605557 	       21.136074 	       8.8383262 	        10.39613 	     0.023913364 	               7 	       26.263493 	       33.525249 	        16.11258 	           0.177
503000 	       59.605557 	       21.136074 	       8.8383262 	        10.39613 	     0.023913364 	               7 	       26.263493 	       33.525249 	        16.11258 	           0.177
504000 	       59.605557 	       21.136074 	       8.8383262 	        10.39613 	     0.023913364 	               7 	       26.263493 	       33.525249 	        16.11258 	           0.177
505000 	       59.605557 	       21.136074 	       8.8383262 	        10.39613 	     0.023913364 	               7 	       26.263493 	       33.525249 	        16.11258 	           0.177
506000 	       59.605557 	       21.136074 	       8.8383262 	        10.39613 	     0.023913364 	               7 	       26.263493 	       33.525249 	        16.11258 	           0.177
507000 	       59.605557 	       21.136074 	       8.8383262 	        10.39613 	     0.023913364 	               7 	       26.263493 	       33.525249 	        16.11258 	           0.177
508000 	       59.605557 	       21.136074 	       8.8383262 	        10.39613 	     0.023913364 	               7 	       26.263493 	       33.525249 	        16.11258 	           0.177
509000 	       59.605557 	       21.136074 	       8.8383262 	        10.39613 	     0.023913364 	               7 	       26.263493 	       33.525249 	        16.11258 	           0.177
510000 	       59.605557 	       21.136074 	       8.8383262 	        10.39613 	     0.023913364 	               7 	       26.263493 	       33.525249 	        16.11258 	           0.177
511000 	       59.605557 	       21.136074 	       8.8383262 	        10.39613 	     0.023913364 	               7 	       26.263493 	       33.525249 	        16.11258 	           0.177
512000 	       59.605557 	       21.136074 	       8.8383262 	        10.39613 	     0.023913364 	               7 	       26.263493 	       33.525249 	        16.11258 	           0.177
513000 	       59.605557 	       21.136074 	       8.8383262 	        10.39613 	     0.023913364 	               7 	       26.263493 	       33.525249 	        16.11258 	           0.177
514000 	       59.605557 	       21.136074 	       8.8383262 	        10.39613 	     0.023913364 	               7 	       26.263493 	       33.525249 	        16.11258 	           0.177
515000 	       59.605557 	       21.136074 	       8.8383262 	        10.39613 	     0.023913364 	               7 	       26.263493 	       33.525249 	        16.11258 	           0.177
516000 	       59.605557 	       21.136074 	       8.8383262 	        10.39613 	     0.023913364 	               7 	       26.263493 	       33.525249 	        16.11258 	           0.177
517000 	       59.605557 	       21.136074 	       8.8383262 	        10.39613 	     0.023913364 	               7 	       26.263493 	       33.525249 	        16.11258 	           0.177
518000 	       59.605557 	       21.136074 	       8.8383262 	        10.39613 	     0.023913364 	               7 	       26.263493 	       33.525249 	        16.11258 	           0.177
519000 	       59.605557 	       21.136074 	       8.8383262 	        10.39613 	     0.023913364 	               7 	       26.263493 	       33.525249 	        16.11258 	           0.177
520000 	       59.605557 	       21.136074 	       8.8383262 	        10.39613 	     0.023913364 	               7 	       26.263493 	       33.525249 	        16.11258 	           0.177
521000 	       59.605557 	       21.136074 	       8.8383262 	        10.39613 	     0.023913364 	               7 	       26.263493 	       33.525249 	        16.11258 	           0.177
522000 	       59.605557 	       21.136074 	       8.8383262 	        10.39613 	     0.023913364 	               7 	       26.263493 	       33.525249 	        16.11258 	           0.177
523000 	       59.605557 	       21.136074 	       8.8383262 	        10.39613 	     0.023913364 	               7 	       26.263493 	       33.525249 	        16.11258 	           0.177
524000 	       59.605557 	       21.136074 	       8.8383262 	        10.39613 	     0.023913364 	               7 	       26.263493 	       33.525249 	        16.11258 	           0.177
525000 	       59.605557 	       21.136074 	       8.8383262 	        10.39613 	     0.023913364 	               7 	       26.263493 	       33.525249 	        16.11258 	           0.177
526000 	       59.605557 	       21.136074 	       8.8383262 	        10.39613 	     0.023913364 	               7 	       26.263493 	       33.525249 	        16.11258 	           0.177
527000 	       59.605557 	       21.136074 	       8.8383262 	        10.39613 	     0.023913364 	               7 	       26.263493 	       33.525249 	        16.11258 	           0.177
528000 	       59.605557 	       21.136074 	       8.8383262 	        10.39613 	     0.023913364 	               7 	       26.263493 	       33.525249 	        16.11258 	           0.177
529000 	       59.605557 	       21.136074 	       8.8383262 	        10.39613 	     0.023913364 	               7 	       26.263493 	       33.525249 	        16.11258 	           0.177
530000 	       59.605557 	       21.136074 	       8.8383262 	        10.39613 	     0.023913364 	               7 	       26.263493 	       33.525249 	        16.11258 	           0.177
531000 	       59.605557 	       21.136074 	       8.8383262 	        10.39613 	     0.023913364 	               7 	       26.263493 	       33.525249 	        16.11258 	           0.177
532000 	       59.605557 	       21.136074 	       8.8383262 	        10.39613 	     0.023913364 	               7 	       26.263493 	       33.525249 	        16.11258 	           0.177
533000 	       59.605557 	       21.136074 	       8.8383262 	        10.39613 	     0.023913364 	               7 	       26.263493 	       33.525249 	        16.11258 	           0.177
534000 	       59.605557 	       21.136074 	       8.8383262 	        10.39613 	     0.023913364 	               7 	       26.263493 	       33.525249 	        16.11258 	           0.177
535000 	       59.605557 	       21.136074 	       8.8383262 	        10.39613 	     0.023913364 	               7 	       26.263493 	       33.525249 	        16.11258 	           0.177
536000 	       59.605557 	       21.136074 	       8.8383262 	        10.39613 	     0.023913364 	               7 	       26.263493 	       33.525249 	        16.11258 	           0.177
537000 	       59.605557 	       21.136074 	       8.8383262 	        10.39613 	     0.023913364 	               7 	       26.263493 	       33.525249 	        16.11258 	           0.177
538000 	       59.605557 	       21.136074 	       8.8383262 	        10.39613 	     0.023913364 	               7 	       26.263493 	       33.525249 	        16.11258 	           0.177
539000 	       59.605557 	       21.136074 	       8.8383262 	        10.39613 	     0.023913364 	               7 	       26.263493 	       33.525249 	        16.11258 	           0.177
540000 	       59.605557 	       21.136074 	       8.8383262 	        10.39613 	     0.023913364 	               7 	       26.263493 	       33.525249 	        16.11258 	           0.177
541000 	       59.605557 	       21.136074 	       8.8383262 	        10.39613 	     0.023913364 	               7 	       26.263493 	       33.525249 	        16.11258 	           0.177
542000 	       59.605557 	       21.136074 	       8.8383262 	        10.39613 	     0.023913364 	               7 	       26.263493 	       33.525249 	        16.11258 	           0.177
543000 	       59.605557 	       21.136074 	       8.8383262 	        10.39613 	     0.023913364 	               7 	       26.263493 	       33.525249 	        16.11258 	           0.177
544000 	       59.605557 	       21.136074 	       8.8383262 	        10.39613 	     0.023913364 	               7 	       26.263493 	       33.525249 	        16.11258 	           0.177
545000 	       59.605557 	       21.136074 	       8.8383262 	        10.39613 	     0.023913364 	               7 	       26.263493 	       33.525249 	        16.11258 	           0.177
546000 	       59.605557 	       21.136074 	       8.8383262 	        10.39613 	     0.023913364 	               7 	       26.263493 	       33.525249 	        16.11258 	           0.177
547000 	       59.605557 	       21.136074 	       8.8383262 	        10.39613 	     0.023913364 	               7 	       26.263493 	       33.525249 	        16.11258 	           0.177
548000 	       59.605557 	       21.136074 	       8.8383262 	        10.39613 	     0.023913364 	               7 	       26.263493 	       33.525249 	        16.11258 	           0.177
549000 	       59.605557 	       21.136074 	       8.8383262 	        10.39613 	     0.023913364 	               7 	       26.263493 	       33.525249 	        16.11258 	           0.177
550000 	       59.605557 	       21.136074 	       8.8383262 	        10.39613 	     0.023913364 	               7 	       26.263493 	       33.525249 	        16.11258 	           0.177
551000 	       59.605557 	       21.136074 	       8.8383262 	        10.39613 	     0.023913364 	               7 	       26.263493 	       33.525249 	        16.11258 	           0.177
552000 	       59.605557 	       21.136074 	       8.8383262 	        10.39613 	     0.023913364 	               7 	       26.263493 	       33.525249 	        16.11258 	           0.177
553000 	       59.605557 	       21.136074 	       8.8383262 	        10.39613 	     0.023913364 	               7 	       26.263493 	       33.525249 	        16.11258 	           0.177
554000 	       59.605557 	       21.136074 	       8.8383262 	        10.39613 	     0.023913364 	               7 	       26.263493 	       33.525249 	        16.11258 	           0.177
555000 	       59.605557 	       21.136074 	       8.8383262 	        10.39613 	     0.023913364 	               7 	       26.263493 	       33.525249 	        16.11258 	           0.177
556000 	       59.605557 	       21.136074 	       8.8383262 	        10.39613 	     0.023913364 	               7 	       26.263493 	       33.525249 	        16.11258 	           0.177
557000 	       59.605557 	       21.136074 	       8.8383262 	        10.39613 	     0.023913364 	               7 	       26.263493 	       33.525249 	        16.11258 	           0.177
558000 	       59.605557 	       21.136074 	       8.8383262 	        10.39613 	     0.023913364 	               7 	       26.263493 	       33.525249 	        16.11258 	           0.177
559000 	       59.605557 	       21.136074 	       8.8383262 	        10.39613 	     0.023913364 	               7 	       26.263493 	       33.525249 	        16.11258 	           0.177
560000 	       59.605557 	       21.136074 	       8.8383262 	        10.39613 	     0.023913364 	               7 	       26.263493 	       33.525249 	        16.11258 	           0.177
561000 	       59.605557 	       21.136074 	       8.8383262 	        10.39613 	     0.023913364 	               7 	       26.263493 	       33.525249 	        16.11258 	           0.177
562000 	       59.605557 	       21.136074 	       8.8383262 	        10.39613 	     0.023913364 	               7 	       26.263493 	       33.525249 	        16.11258 	           0.177
563000 	       59.605557 	       21.136074 	       8.8383262 	        10.39613 	     0.023913364 	               7 	       26.263493 	       33.525249 	        16.11258 	           0.177
564000 	       59.605557 	       21.136074 	       8.8383262 	        10.39613 	     0.023913364 	               7 	       26.263493 	       33.525249 	        16.11258 	           0.177
565000 	       59.605557 	       21.136074 	       8.8383262 	        10.39613 	     0.023913364 	               7 	       26.263493 	       33.525249 	        16.11258 	           0.177
566000 	       59.605557 	       21.136074 	       8.8383262 	        10.39613 	     0.023913364 	               7 	       26.263493 	       33.525249 	        16.11258 	           0.177
567000 	       59.605557 	       21.136074 	       8.8383262 	        10.39613 	     0.023913364 	               7 	       26.263493 	       33.525249 	        16.11258 	           0.177
568000 	       59.605557 	       21.136074 	       8.8383262 	        10.39613 	     0.023913364 	               7 	       26.263493 	       33.525249 	        16.11258 	           0.177
569000 	       59.605557 	       21.136074 	       8.8383262 	        10.39613 	     0.023913364 	               7 	       26.263493 	       33.525249 	        16.11258 	           0.177
570000 	       59.605557 	       21.136074 	       8.8383262 	        10.39613 	     0.023913364 	               7 	       26.263493 	       33.525249 	        16.11258 	           0.177
571000 	       59.605557 	       21.136074 	       8.8383262 	        10.39613 	     0.023913364 	               7 	       26.263493 	       33.525249 	        16.11258 	           0.177
572000 	       59.605557 	       21.136074 	       8.8383262 	        10.39613 	     0.023913364 	               7 	       26.263493 	       33.525249 	        16.11258 	           0.177
573000 	       59.605557 	       21.136074 	       8.8383262 	        10.39613 	     0.023913364 	               7 	       26.263493 	       33.525249 	        16.11258 	           0.177
574000 	       59.605557 	       21.136074 	       8.8383262 	        10.39613 	     0.023913364 	               7 	       26.263493 	       33.525249 	        16.11258 	           0.177
575000 	       59.605557 	       21.136074 	       8.8383262 	        10.39613 	     0.023913364 	               7 	       26.263493 	       33.525249 	        16.11258 	           0.177
576000 	       59.605557 	       21.136074 	       8.8383262 	        10.39613 	     0.023913364 	               7 	       26.263493 	       33.525249 	        16.11258 	           0.177
577000 	       59.605557 	       21.136074 	       8.8383262 	        10.39613 	     0.023913364 	               7 	       26.263493 	       33.525249 	        16.11258 	           0.177
578000 	       59.605557 	       21.136074 	       8.8383262 	        10.39613 	     0.023913364 	               7 	       26.263493 	       33.525249 	        16.11258 	           0.177
579000 	       59.605557 	       21.136074 	       8.8383262 	        10.39613 	     0.023913364 	               7 	       26.263493 	       33.525249 	        16.11258 	           0.177
580000 	       59.605557 	       21.136074 	       8.8383262 	        10.39613 	     0.023913364 	               7 	       26.263493 	       33.525249 	        16.11258 	           0.177
581000 	       59.605557 	       21.136074 	       8.8383262 	        10.39613 	     0.023913364 	               7 	       26.263493 	       33.525249 	        16.11258 	           0.177
582000 	       59.605557 	       21.136074 	       8.8383262 	        10.39613 	     0.023913364 	               7 	       26.263493 	       33.525249 	        16.11258 	           0.177
583000 	       59.605557 	       21.136074 	       8.8383262 	        10.39613 	     0.023913364 	               7 	       26.263493 	       33.525249 	        16.11258 	           0.177
584000 	       59.605557 	       21.136074 	       8.8383262 	        10.39613 	     0.023913364 	               7 	       26.263493 	       33.525249 	        16.11258 	           0.177
585000 	       59.605557 	       21.136074 	       8.8383262 	        10.39613 	     0.023913364 	               7 	       26.263493 	       33.525249 	        16.11258 	           0.177
586000 	       59.605557 	       21.136074 	       8.8383262 	        10.39613 	     0.023913364 	               7 	       26.263493 	       33.525249 	        16.11258 	           0.177
587000 	       59.605557 	       21.136074 	       8.8383262 	        10.39613 	     0.023913364 	               7 	       26.263493 	       33.525249 	        16.11258 	           0.177
588000 	       59.605557 	       21.136074 	       8.8383262 	        10.39613 	     0.023913364 	               7 	       26.263493 	       33.525249 	        16.11258 	           0.177
589000 	       59.605557 	       21.136074 	       8.8383262 	        10.39613 	     0.023913364 	               7 	       26.263493 	       33.525249 	        16.11258 	           0.177
590000 	       59.605557 	       21.136074 	       8.8383262 	        10.39613 	     0.023913364 	               7 	       26.263493 	       33.525249 	        16.11258 	           0.177
591000 	       59.605557 	       21.136074 	       8.8383262 	        10.39613 	     0.023913364 	               7 	       26.263493 	       33.525249 	        16.11258 	           0.177
592000 	       59.605557 	       21.136074 	       8.8383262 	        10.39613 	     0.023913364 	               7 	       26.263493 	       33.525249 	        16.11258 	           0.177
593000 	       59.605557 	       21.136074 	       8.8383262 	        10.39613 	     0.023913364 	               7 	       26.263493 	       33.525249 	        16.11258 	           0.177
594000 	       59.605557 	       21.136074 	       8.8383262 	        10.39613 	     0.023913364 	               7 	       26.263493 	       33.525249 	        16.11258 	           0.177
595000 	       59.605557 	       21.136074 	       8.8383262 	        10.39613 	     0.023913364 	               7 	       26.263493 	       33.525249 	        16.11258 	           0.177
596000 	       59.605557 	       21.136074 	       8.8383262 	        10.39613 	     0.023913364 	               7 	       26.263493 	       33.525249 	        16.11258 	           0.177
597000 	       59.605557 	       21.136074 	       8.8383262 	        10.39613 	     0.023913364 	               7 	       26.263493 	       33.525249 	        16.11258 	           0.177
598000 	       59.605557 	       21.136074 	       8.8383262 	        10.39613 	     0.023913364 	               7 	       26.263493 	       33.525249 	        16.11258 	           0.177
599000 	       59.605557 	       21.136074 	       8.8383262 	        10.39613 	     0.023913364 	               7 	       26.263493 	       33.525249 	        16.11258 	           0.177
600000 	       59.605557 	       21.136074 	       8.8383262 	        10.39613 	     0.023913364 	               7 	       26.263493 	       33.525249 	        16.11258 	           0.177
601000 	       59.605557 	       21.136074 	       8.8383262 	        10.39613 	     0.023913364 	               7 	       26.263493 	       33.525249 	        16.11258 	           0.177
602000 	       59.605557 	       21.136074 	       8.8383262 	        10.39613 	     0.023913364 	               7 	       26.263493 	       33.525249 	        16.11258 	           0.177
603000 	       59.605557 	       21.136074 	       8.8383262 	        10.39613 	     0.023913364 	               7 	       26.263493 	       33.525249 	        16.11258 	           0.177
604000 	       59.605557 	       21.136074 	       8.8383262 	        10.39613 	     0.023913364 	               7 	       26.263493 	       33.525249 	        16.11258 	           0.177
