# time[s]   	initial_volume_sediment[m3] 	initial_volume_suspension[m3] 	bedload_boundary_inflow[m3] 	bedload_boundary_outflow[m3] 	bedload_external_source[m3] 	suspension_boundary_inflow[m3] 	suspension_boundary_outflow[m3] 	suspension_external_source[m3] 	present_sediment_volume[m3] 	present_suspension_volume[m3] 	mass_error_absolute[m3] 	mass_error_relative[%] 	hydraulic_timestep[s] 	Element    	Edge      
110000 	72648.0806 	0 	0 	0 	0 	0 	0 	0 	72648.0806 	0 	0 	0 	0.106954423 	        -1 	        -1
111000 	72648.0806 	0 	-17.9159825 	0 	0 	0 	0 	0 	72665.9966 	0 	8.87666829e-10 	1.22157112e-12 	0.00105276743 	      1534 	      1392
112000 	72648.0806 	0 	-29.715242 	0 	0 	0 	0 	0 	72677.7958 	0 	6.54836185e-10 	9.0101272e-13 	0.00327528192 	       171 	       458
113000 	72648.0806 	0 	-41.0463737 	0 	0 	0 	0 	0 	72689.127 	0 	2.03726813e-10 	2.80271372e-13 	0.00269691552 	      1534 	      1392
114000 	72648.0806 	0 	-55.245146 	0 	0 	0 	0 	0 	72703.3257 	0 	-3.28873284e-09 	-4.52349711e-12 	0.0148037089 	      1534 	      1392
115000 	72648.0806 	0 	-72.5648796 	0.00183572243 	0 	0 	0 	0 	72720.6436 	0 	-3.36149242e-09 	-4.62247341e-12 	0.0188708161 	      1534 	      1392
116000 	72648.0806 	0 	-88.5615678 	0.0287669288 	0 	0 	0 	0 	72736.6134 	0 	-3.12866177e-09 	-4.3013575e-12 	0.00195167244 	      1534 	      1392
117000 	72648.0806 	0 	-104.054876 	0.102806281 	0 	0 	0 	0 	72752.0327 	0 	-3.68163455e-09 	-5.06052466e-12 	0.0112693806 	       171 	       458
118000 	72648.0806 	0 	-119.179251 	0.146377864 	0 	0 	0 	0 	72767.1135 	0 	-5.41331246e-09 	-7.43922935e-12 	0.0152060029 	      1534 	      1392
119000 	72648.0806 	0 	-134.351528 	0.172762994 	0 	0 	0 	0 	72782.2594 	0 	-2.34285835e-09 	-3.21899646e-12 	0.0415041768 	      1534 	      1392
120000 	72648.0806 	0 	-151.211101 	0.200495711 	0 	0 	0 	0 	72799.0912 	0 	-1.60071068e-10 	-2.19880585e-13 	     0.001 	      1534 	      1392
121000 	72648.0806 	0 	-168.377243 	0.240461251 	0 	0 	0 	0 	72816.2174 	0 	-7.27595761e-11 	-9.99222134e-14 	0.0321506113 	      1534 	      1392
122000 	72648.0806 	0 	-185.907313 	0.262194772 	0 	0 	0 	0 	72833.7257 	0 	5.09317033e-10 	6.99287353e-13 	0.0159458508 	      1534 	      1392
123000 	72648.0806 	0 	-203.150552 	0.277192177 	0 	0 	0 	0 	72850.954 	0 	1.45519152e-10 	1.99749138e-13 	0.00124387559 	      1534 	      1392
124000 	72648.0806 	0 	-220.832351 	0.290556039 	0 	0 	0 	0 	72868.6224 	0 	-1.58615876e-09 	-2.17673768e-12 	0.00791616194 	      1534 	      1392
125000 	72648.0806 	0 	-238.741293 	0.309319725 	0 	0 	0 	0 	72886.5126 	0 	2.60479283e-09 	3.57376521e-12 	0.0238806909 	      1534 	      1392
126000 	72648.0806 	0 	-257.650574 	0.340574231 	0 	0 	0 	0 	72905.3906 	0 	3.5361154e-09 	4.85027976e-12 	0.0166530556 	      1534 	      1392
127000 	72648.0806 	0 	-276.661455 	0.383490833 	0 	0 	0 	0 	72924.3586 	0 	6.43194653e-09 	8.82002483e-12 	0.0294857329 	      1534 	      1392
128000 	72648.0806 	0 	-295.763239 	0.430149799 	0 	0 	0 	0 	72943.4137 	0 	8.19272827e-09 	1.12316217e-11 	0.0355199276 	      1534 	      1392
129000 	72648.0806 	0 	-315.10473 	0.477279688 	0 	0 	0 	0 	72962.708 	0 	8.52742232e-09 	1.16873709e-11 	0.0334528401 	      1534 	      1392
130000 	72648.0806 	0 	-334.945522 	0.537533685 	0 	0 	0 	0 	72982.4886 	0 	9.9389581e-09 	1.36182779e-11 	0.0359289637 	      1534 	      1392
131000 	72648.0806 	0 	-355.254783 	0.612845238 	0 	0 	0 	0 	73002.7225 	0 	8.81846063e-09 	1.20796325e-11 	0.031351839 	      1534 	      1392
132000 	72648.0806 	0 	-375.795623 	0.69599651 	0 	0 	0 	0 	73023.1802 	0 	1.06228981e-08 	1.45472959e-11 	0.0391585333 	      1534 	      1392
133000 	72648.0806 	0 	-397.839346 	0.797477925 	0 	0 	0 	0 	73045.1225 	0 	1.07393134e-08 	1.47023005e-11 	0.00305244318 	      1534 	      1392
134000 	72648.0806 	0 	-420.212782 	0.927551088 	0 	0 	0 	0 	73067.3658 	0 	1.27183739e-08 	1.74063671e-11 	0.0166705275 	      1534 	      1392
135000 	72648.0806 	0 	-443.922172 	1.10706556 	0 	0 	0 	0 	73090.8957 	0 	1.27474777e-08 	1.74405822e-11 	0.032269647 	      1534 	      1392
136000 	72648.0806 	0 	-469.553755 	1.43078915 	0 	0 	0 	0 	73116.2036 	0 	1.28056854e-08 	1.75141552e-11 	0.0153973023 	      1534 	      1392
137000 	72648.0806 	0 	-498.119904 	1.93624609 	0 	0 	0 	0 	73144.2643 	0 	1.28347892e-08 	1.75472258e-11 	0.0218353197 	      1534 	      1392
138000 	72648.0806 	0 	-525.399708 	2.51086674 	0 	0 	0 	0 	73170.9694 	0 	9.92440619e-09 	1.35633111e-11 	0.0348935194 	      1534 	      1392
139000 	72648.0806 	0 	-552.683499 	2.95755077 	0 	0 	0 	0 	73197.8065 	0 	8.93487595e-09 	1.22064805e-11 	0.0319727523 	      1534 	      1392
140000 	72648.0806 	0 	-580.236257 	3.28289279 	0 	0 	0 	0 	73225.034 	0 	7.94534571e-09 	1.08505866e-11 	0.0411771784 	      1534 	      1392
141000 	72648.0806 	0 	-612.944049 	3.85282563 	0 	0 	0 	0 	73257.1718 	0 	7.43602868e-09 	1.01505812e-11 	0.033738648 	      1534 	      1392
142000 	72648.0806 	0 	-646.266279 	4.7284951 	0 	0 	0 	0 	73289.6184 	0 	8.36735126e-09 	1.14168302e-11 	0.00838441995 	      1534 	      1392
143000 	72648.0806 	0 	-680.84853 	5.70178415 	0 	0 	0 	0 	73323.2273 	0 	7.18864612e-09 	9.80405034e-12 	0.0236563046 	      1534 	      1392
144000 	72648.0806 	0 	-717.537683 	6.95773199 	0 	0 	0 	0 	73358.6605 	0 	-2.0081643e-09 	-2.73746043e-12 	0.00897412116 	      1534 	      1392
145000 	72648.0806 	0 	-754.153559 	8.32452794 	0 	0 	0 	0 	73393.9096 	0 	-1.44646037e-08 	-1.97081799e-11 	0.037253969 	      1534 	      1392
146000 	72648.0806 	0 	-790.854752 	9.70946287 	0 	0 	0 	0 	73429.2259 	0 	-2.53785402e-08 	-3.45619062e-11 	0.028381988 	      1534 	      1392
147000 	72648.0806 	0 	-827.185081 	11.0730623 	0 	0 	0 	0 	73464.1926 	0 	-3.93629307e-08 	-5.35811111e-11 	0.00133097087 	      1534 	      1392
148000 	72648.0806 	0 	-862.875588 	12.3536736 	0 	0 	0 	0 	73498.6025 	0 	-4.82832547e-08 	-6.56927521e-11 	0.0387665247 	      1534 	      1392
149000 	72648.0806 	0 	-898.410047 	13.4070238 	0 	0 	0 	0 	73533.0836 	0 	-5.81057975e-08 	-7.90199386e-11 	0.00527497075 	      1534 	      1392
150000 	72648.0806 	0 	-934.296613 	14.3408511 	0 	0 	0 	0 	73568.0364 	0 	-6.73026079e-08 	-9.1483491e-11 	0.00431181592 	      1534 	      1392
151000 	72648.0806 	0 	-969.916935 	15.2289665 	0 	0 	0 	0 	73602.7686 	0 	-7.92351784e-08 	-1.07652443e-10 	0.0093873264 	      1534 	      1392
152000 	72648.0806 	0 	-1004.74549 	16.0227251 	0 	0 	0 	0 	73636.8034 	0 	-8.90577212e-08 	-1.20941862e-10 	0.031095636 	      1534 	      1392
153000 	72648.0806 	0 	-1039.46154 	16.7265288 	0 	0 	0 	0 	73670.8156 	0 	-9.93750291e-08 	-1.34890632e-10 	0.0286303894 	      1534 	      1392
154000 	72648.0806 	0 	-1074.05952 	17.3143759 	0 	0 	0 	0 	73704.8257 	0 	-1.10638211e-07 	-1.50109861e-10 	0.0303521625 	      1534 	      1392
155000 	72648.0806 	0 	-1108.39175 	17.8482833 	0 	0 	0 	0 	73738.6241 	0 	-1.16924639e-07 	-1.58566342e-10 	0.0121115959 	      1534 	      1392
156000 	72648.0806 	0 	-1142.18091 	18.2983613 	0 	0 	0 	0 	73771.9631 	0 	-1.22032361e-07 	-1.65418346e-10 	0.0359083728 	      1534 	      1392
157000 	72648.0806 	0 	-1175.5545 	18.7027187 	0 	0 	0 	0 	73804.9324 	0 	-1.28115062e-07 	-1.73586043e-10 	0.0319541424 	      1534 	      1392
158000 	72648.0806 	0 	-1208.76161 	19.0536535 	0 	0 	0 	0 	73837.7885 	0 	-1.36540621e-07 	-1.84919705e-10 	0.00166848814 	      1534 	      1392
159000 	72648.0806 	0 	-1241.61822 	19.3571129 	0 	0 	0 	0 	73870.3417 	0 	-1.40425982e-07 	-1.90097918e-10 	0.00581518066 	      1534 	      1392
160000 	72648.0806 	0 	-1274.32357 	19.6284304 	0 	0 	0 	0 	73902.7757 	0 	-1.31272827e-07 	-1.77629089e-10 	0.0154469554 	      1534 	      1392
161000 	72648.0806 	0 	-1307.077 	19.918747 	0 	0 	0 	0 	73935.2388 	0 	-1.3691897e-07 	-1.85187703e-10 	0.0138815863 	      1534 	      1392
162000 	72648.0806 	0 	-1339.56041 	20.1949056 	0 	0 	0 	0 	73967.4461 	0 	-1.32116838e-07 	-1.78614844e-10 	0.0291733835 	      1534 	      1392
163000 	72648.0806 	0 	-1371.93513 	20.45178 	0 	0 	0 	0 	73999.5639 	0 	-6.63421815e-08 	-8.96521249e-11 	0.0383999065 	      1534 	      1392
164000 	72648.0806 	0 	-1403.95217 	20.6858715 	0 	0 	0 	0 	74031.3469 	0 	-5.29544195e-08 	-7.15297259e-11 	0.00722584134 	      1534 	      1392
165000 	72648.0806 	0 	-1435.91309 	20.9007224 	0 	0 	0 	0 	74063.093 	0 	-3.73838702e-08 	-5.04757076e-11 	0.0290664102 	      1534 	      1392
166000 	72648.0806 	0 	-1468.13132 	21.0845305 	0 	0 	0 	0 	74095.1274 	0 	-1.648732e-08 	-2.22515576e-11 	0.0168342403 	      1534 	      1392
167000 	72648.0806 	0 	-1500.7289 	21.3054897 	0 	0 	0 	0 	74127.504 	0 	-5.84986992e-09 	-7.89163213e-12 	0.0233956357 	      1534 	      1392
168000 	72648.0806 	0 	-1533.36169 	21.5439079 	0 	0 	0 	0 	74159.8984 	0 	1.80443749e-09 	2.43317147e-12 	0.00739518303 	      1534 	      1392
169000 	72648.0806 	0 	-1565.82663 	21.7725127 	0 	0 	0 	0 	74192.1347 	0 	1.3053068e-08 	1.75936007e-11 	0.00842950196 	      1534 	      1392
170000 	72648.0806 	0 	-1598.49891 	21.999997 	0 	0 	0 	0 	74224.5795 	0 	2.42871465e-08 	3.27211642e-11 	0.0195378603 	      1534 	      1392
171000 	72648.0806 	0 	-1631.35157 	22.2729575 	0 	0 	0 	0 	74257.1592 	0 	3.23925633e-08 	4.36221418e-11 	0.0283632815 	      1534 	      1392
172000 	72648.0806 	0 	-1664.47503 	22.5631215 	0 	0 	0 	0 	74289.9925 	0 	3.89554771e-08 	5.24370454e-11 	0.00306578015 	      1534 	      1392
173000 	72648.0806 	0 	-1697.89926 	22.8553618 	0 	0 	0 	0 	74323.1245 	0 	4.51982487e-08 	6.08131709e-11 	0.00203270197 	      1534 	      1392
174000 	72648.0806 	0 	-1731.57952 	23.1696477 	0 	0 	0 	0 	74356.4905 	0 	5.70144039e-08 	7.66771045e-11 	0.0313660812 	      1534 	      1392
175000 	72648.0806 	0 	-1765.50111 	23.5162834 	0 	0 	0 	0 	74390.0654 	0 	7.37200025e-08 	9.90992576e-11 	0.0152601708 	      1534 	      1392
176000 	72648.0806 	0 	-1799.48371 	23.8733534 	0 	0 	0 	0 	74423.691 	0 	9.11823008e-08 	1.22517843e-10 	0.0335192047 	      1534 	      1392
177000 	72648.0806 	0 	-1833.23773 	24.1929638 	0 	0 	0 	0 	74457.1254 	0 	1.04570063e-07 	1.40443325e-10 	0.0345004325 	      1534 	      1392
178000 	72648.0806 	0 	-1866.83868 	24.4854348 	0 	0 	0 	0 	74490.4338 	0 	1.14756403e-07 	1.54055222e-10 	0.00161316615 	      1534 	      1392
179000 	72648.0806 	0 	-1900.31166 	24.757703 	0 	0 	0 	0 	74523.6346 	0 	1.22541678e-07 	1.64433309e-10 	0.0241149333 	      1534 	      1392
180000 	72648.0806 	0 	-1933.59346 	25.0131076 	0 	0 	0 	0 	74556.6609 	0 	1.31927663e-07 	1.76949533e-10 	0.0101215327 	      1534 	      1392
181000 	72648.0806 	0 	-1967.01076 	25.2829336 	0 	0 	0 	0 	74589.8084 	0 	1.39974873e-07 	1.87659515e-10 	0.0323826154 	      1534 	      1392
182000 	72648.0806 	0 	-2000.22064 	25.540641 	0 	0 	0 	0 	74622.7606 	0 	1.48895197e-07 	1.99530539e-10 	0.0050154062 	      1534 	      1392
183000 	72648.0806 	0 	-2033.6325 	25.805034 	0 	0 	0 	0 	74655.9081 	0 	1.55763701e-07 	2.08642162e-10 	0.0197489976 	      1534 	      1392
184000 	72648.0806 	0 	-2067.37837 	26.1302613 	0 	0 	0 	0 	74689.3287 	0 	1.61089702e-07 	2.15679675e-10 	0.0212637519 	      1534 	      1392
185000 	72648.0806 	0 	-2101.46787 	26.5126912 	0 	0 	0 	0 	74723.0358 	0 	1.64844096e-07 	2.20606797e-10 	0.00391864876 	      1534 	      1392
186000 	72648.0806 	0 	-2135.92212 	26.9507621 	0 	0 	0 	0 	74757.052 	0 	1.69035047e-07 	2.26112511e-10 	0.019772457 	      1534 	      1392
187000 	72648.0806 	0 	-2171.30991 	27.4857406 	0 	0 	0 	0 	74791.9048 	0 	1.59241608e-07 	2.12912893e-10 	0.0310583511 	      1534 	      1392
188000 	72648.0806 	0 	-2206.65815 	28.0737752 	0 	0 	0 	0 	74826.665 	0 	1.19922333e-07 	1.60266843e-10 	0.0343217211 	      1534 	      1392
189000 	72648.0806 	0 	-2241.45184 	28.610684 	0 	0 	0 	0 	74860.9218 	0 	8.01956048e-08 	1.07126125e-10 	0.00778540323 	      1534 	      1392
190000 	72648.0806 	0 	-2276.42653 	29.1086755 	0 	0 	0 	0 	74895.3985 	0 	3.92028596e-08 	5.23434823e-11 	0.014256634 	      1534 	      1392
191000 	72648.0806 	0 	-2313.19429 	29.778756 	0 	0 	0 	0 	74931.4961 	0 	-2.83907866e-08 	-3.78889894e-11 	0.0131124438 	      1534 	      1392
192000 	72648.0806 	0 	-2351.30992 	30.6752178 	0 	0 	0 	0 	74968.7153 	0 	-1.28900865e-07 	-1.71939541e-10 	0.0327537477 	      1534 	      1392
193000 	72648.0806 	0 	-2390.62876 	31.71823 	0 	0 	0 	0 	75006.9911 	0 	-2.28435965e-07 	-3.04552898e-10 	0.0330979842 	      1534 	      1392
194000 	72648.0806 	0 	-2430.8657 	32.903493 	0 	0 	0 	0 	75046.0428 	0 	-3.34359356e-07 	-4.45538957e-10 	0.0111816784 	      1534 	      1392
195000 	72648.0806 	0 	-2472.0178 	34.2886352 	0 	0 	0 	0 	75085.8098 	0 	-4.39933501e-07 	-5.85907647e-10 	0.0264613599 	      1534 	      1392
196000 	72648.0806 	0 	-2513.94877 	36.0486143 	0 	0 	0 	0 	75125.9807 	0 	-5.18630259e-07 	-6.90347405e-10 	0.0051363043 	      1534 	      1392
197000 	72648.0806 	0 	-2555.86308 	38.157376 	0 	0 	0 	0 	75165.7863 	0 	-5.97327016e-07 	-7.94679396e-10 	0.0158711472 	      1534 	      1392
198000 	72648.0806 	0 	-2597.8119 	40.5818821 	0 	0 	0 	0 	75205.3106 	0 	-6.73084287e-07 	-8.94995688e-10 	0.0125860311 	      1534 	      1392
199000 	72648.0806 	0 	-2639.2593 	43.1772351 	0 	0 	0 	0 	75244.1627 	0 	-7.52232154e-07 	-9.99721609e-10 	0.0290974616 	      1534 	      1392
200000 	72648.0806 	0 	-2680.61582 	45.8852628 	0 	0 	0 	0 	75282.8111 	0 	-8.33446393e-07 	-1.10708724e-09 	0.00974250381 	      1534 	      1392
201000 	72648.0806 	0 	-2721.18526 	48.5918761 	0 	0 	0 	0 	75320.674 	0 	-9.04634362e-07 	-1.2010439e-09 	0.00433692223 	      1534 	      1392
202000 	72648.0806 	0 	-2760.89055 	51.0799213 	0 	0 	0 	0 	75357.8912 	0 	-9.75895091e-07 	-1.2950138e-09 	0.00920144827 	      1534 	      1392
203000 	72648.0806 	0 	-2799.1782 	53.2161439 	0 	0 	0 	0 	75394.0426 	0 	-1.04738865e-06 	-1.38921938e-09 	0.0218568031 	      1534 	      1392
204000 	72648.0806 	0 	-2835.35122 	54.7577412 	0 	0 	0 	0 	75428.6741 	0 	2.2261258e-05 	2.95129912e-08 	0.00166747565 	      1534 	      1392
205000 	72648.0806 	0 	-2871.90588 	56.247855 	0 	0 	0 	0 	75463.7387 	0 	5.39632892e-05 	7.15088998e-08 	0.0222209607 	      1534 	      1392
206000 	72648.0806 	0 	-2909.17046 	57.6461629 	0 	0 	0 	0 	75499.605 	0 	0.00014985702 	1.98487158e-07 	0.0289989004 	      1534 	      1392
207000.001 	72648.0806 	0 	-2947.50423 	58.9990007 	0 	0 	0 	0 	75536.586 	0 	0.000182100994 	2.41076548e-07 	     0.001 	      1534 	      1392
208000 	72648.0806 	0 	-2987.01539 	60.2845645 	0 	0 	0 	0 	75574.8116 	0 	0.000182028714 	2.40858972e-07 	0.0325275182 	      1534 	      1392
209000 	72648.0806 	0 	-3026.43837 	61.5597263 	0 	0 	0 	0 	75612.9594 	0 	0.0001819553 	2.40640363e-07 	0.0255287158 	      1534 	      1392
210000 	72648.0806 	0 	-3065.78042 	62.7403964 	0 	0 	0 	0 	75651.1208 	0 	0.000181882235 	2.40422393e-07 	0.0347466106 	      1534 	      1392
211000 	72648.0806 	0 	-3106.22424 	63.9509442 	0 	0 	0 	0 	75690.3541 	0 	0.000181808893 	2.40200875e-07 	0.0295767052 	      1534 	      1392
212000 	72648.0806 	0 	-3146.71578 	65.1106669 	0 	0 	0 	0 	75729.6859 	0 	0.00018173804 	2.39982561e-07 	0.00222151741 	      1534 	      1392
213000 	72648.0806 	0 	-3187.59414 	66.3148572 	0 	0 	0 	0 	75769.3601 	0 	0.000181688098 	2.39790989e-07 	0.0232538384 	      1534 	      1392
214000 	72648.0806 	0 	-3227.10289 	67.4539484 	0 	0 	0 	0 	75807.7297 	0 	0.000184386721 	2.43229446e-07 	0.0345614361 	      1534 	      1392
215000 	72648.0806 	0 	-3265.5646 	68.494583 	0 	0 	0 	0 	75845.1508 	0 	0.000184313918 	2.43013451e-07 	0.0128055505 	      1534 	      1392
216000 	72648.0806 	0 	-3302.90009 	69.4453769 	0 	0 	0 	0 	75881.5355 	0 	0.000184240402 	2.42800044e-07 	0.0204882269 	      1534 	      1392
217000 	72648.0806 	0 	-3338.96657 	70.2926478 	0 	0 	0 	0 	75916.7547 	0 	0.000184166318 	2.42589819e-07 	0.0147009651 	      1534 	      1392
218000 	72648.0806 	0 	-3373.94666 	71.0494871 	0 	0 	0 	0 	75950.9779 	0 	0.000184109493 	2.42405691e-07 	0.0148528455 	      1534 	      1392
219000 	72648.0806 	0 	-3408.37067 	71.7453431 	0 	0 	0 	0 	75984.7061 	0 	0.000184080636 	2.42260115e-07 	     0.001 	      1534 	      1392
220000 	72648.0806 	0 	-3442.62698 	72.3871447 	0 	0 	0 	0 	76018.3206 	0 	0.00018405875 	2.42124199e-07 	0.0145965912 	      1534 	      1392
221000 	72648.0806 	0 	-3476.73308 	72.975567 	0 	0 	0 	0 	76051.8383 	0 	0.000184045421 	2.41999963e-07 	0.0312147104 	      1534 	      1392
222000 	72648.0806 	0 	-3510.61409 	73.4960969 	0 	0 	0 	0 	76085.1988 	0 	0.000184029675 	2.41873161e-07 	0.0148327498 	      1534 	      1392
223000 	72648.0806 	0 	-3544.38428 	73.9683713 	0 	0 	0 	0 	76118.4967 	0 	0.000184006654 	2.4173711e-07 	0.00664780845 	      1534 	      1392
224000 	72648.0806 	0 	-3577.85341 	74.3807755 	0 	0 	0 	0 	76151.5534 	0 	0.000184024742 	2.41655927e-07 	     0.001 	      1534 	      1392
225000 	72648.0806 	0 	-3611.16404 	74.7420821 	0 	0 	0 	0 	76184.5027 	0 	0.000184036267 	2.4156654e-07 	0.00985647293 	      1534 	      1392
226000 	72648.0806 	0 	-3644.27644 	75.0215563 	0 	0 	0 	0 	76217.3357 	0 	0.000242732902 	3.18474661e-07 	0.0182250238 	      1534 	      1392
227000 	72648.0806 	0 	-3677.2346 	75.2564218 	0 	0 	0 	0 	76250.0593 	0 	0.000547813353 	7.18443183e-07 	0.00952444613 	      1534 	      1392
228000 	72648.0806 	0 	-3710.3137 	75.4517285 	0 	0 	0 	0 	76282.9431 	0 	0.00054780666 	7.18124704e-07 	0.008126197 	      1534 	      1392
229000 	72648.0806 	0 	-3743.35893 	75.6342451 	0 	0 	0 	0 	76315.8058 	0 	0.000547793592 	7.17798346e-07 	0.0334859026 	      1772 	      1687
230000 	72648.0806 	0 	-3776.64417 	75.815026 	0 	0 	0 	0 	76348.9103 	0 	0.000547783959 	7.17474495e-07 	0.00478867957 	      1772 	      1687
231000 	72648.0806 	0 	-3810.14439 	76.00518 	0 	0 	0 	0 	76382.2204 	0 	0.000547760297 	7.17130629e-07 	0.0174012321 	      1772 	      1687
232000 	72648.0806 	0 	-3843.89697 	76.2045195 	0 	0 	0 	0 	76415.7736 	0 	0.00054773764 	7.16786095e-07 	0.00888346284 	      1772 	      1687
233000 	72648.0806 	0 	-3877.72727 	76.4033287 	0 	0 	0 	0 	76449.4051 	0 	0.0005477183 	7.16445471e-07 	0.00837462954 	      1772 	      1687
234000 	72648.0806 	0 	-3911.62256 	76.5963564 	0 	0 	0 	0 	76483.1073 	0 	0.000547698161 	7.16103437e-07 	0.0224517671 	      1772 	      1687
235000 	72648.0806 	0 	-3945.64375 	76.79679 	0 	0 	0 	0 	76516.9281 	0 	0.000576949024 	7.5401488e-07 	0.0245446501 	      1534 	      1392
236000 	72648.0806 	0 	-3979.65785 	77.000752 	0 	0 	0 	0 	76550.7383 	0 	0.000647042281 	8.45246297e-07 	0.0326891079 	      1772 	      1687
237000 	72648.0806 	0 	-4013.6196 	77.1905863 	0 	0 	0 	0 	76584.5103 	0 	0.000733961613 	9.58368226e-07 	0.00242582991 	      1772 	      1687
238000 	72648.0806 	0 	-4047.68555 	77.3807603 	0 	0 	0 	0 	76618.3862 	0 	0.000810540863 	1.05789342e-06 	0.00871516048 	      1772 	      1687
239000 	72648.0806 	0 	-4081.85994 	77.5750355 	0 	0 	0 	0 	76652.3664 	0 	0.000940097991 	1.22644353e-06 	0.0101013859 	      1772 	      1687
240000 	72648.0806 	0 	-4116.25165 	77.7919807 	0 	0 	0 	0 	76686.5412 	0 	0.000966936088 	1.26089412e-06 	0.01151572 	      1772 	      1687
241000 	72648.0806 	0 	-4150.63369 	78.0161624 	0 	0 	0 	0 	76720.6991 	0 	0.000973340371 	1.26868027e-06 	0.0236925209 	      1772 	      1687
242000 	72648.0806 	0 	-4185.11097 	78.2429434 	0 	0 	0 	0 	76754.9496 	0 	0.000973340211 	1.26811393e-06 	0.0125523027 	      1772 	      1687
243000 	72648.0806 	0 	-4219.65339 	78.4811941 	0 	0 	0 	0 	76789.2538 	0 	0.000973350048 	1.26756024e-06 	0.0358346558 	      1772 	      1687
244000 	72648.0806 	0 	-4254.13604 	78.6961647 	0 	0 	0 	0 	76823.5215 	0 	0.000986410392 	1.28399528e-06 	0.00494380589 	      1772 	      1687
245000 	72648.0806 	0 	-4288.54449 	78.9060432 	0 	0 	0 	0 	76857.72 	0 	0.000987739375 	1.2851531e-06 	0.0150121801 	      1772 	      1687
246000 	72648.0806 	0 	-4322.71583 	79.098282 	0 	0 	0 	0 	76891.6991 	0 	0.000987734107 	1.28457833e-06 	0.0146101864 	      1772 	      1687
247000 	72648.0806 	0 	-4356.56508 	79.257516 	0 	0 	0 	0 	76925.3892 	0 	0.000987731604 	1.28401249e-06 	0.0370063544 	      1772 	      1687
248000 	72648.0806 	0 	-4390.23592 	79.398641 	0 	0 	0 	0 	76958.9189 	0 	0.000987732827 	1.28345466e-06 	0.00339164285 	      1772 	      1687
249000 	72648.0806 	0 	-4423.83576 	79.5283963 	0 	0 	0 	0 	76992.3889 	0 	0.000987731313 	1.28289475e-06 	0.0309418683 	      1772 	      1687
250000 	72648.0806 	0 	-4457.44185 	79.659181 	0 	0 	0 	0 	77025.8642 	0 	0.000987738327 	1.28234631e-06 	0.0217992616 	      1772 	      1687
251000 	72648.0806 	0 	-4490.92728 	79.7851857 	0 	0 	0 	0 	77059.2237 	0 	0.000987740306 	1.28179374e-06 	0.02998766 	      1772 	      1687
252000 	72648.0806 	0 	-4524.28772 	79.8905641 	0 	0 	0 	0 	77092.4787 	0 	0.000987741078 	1.28124182e-06 	0.0168874383 	      1772 	      1687
253000 	72648.0806 	0 	-4557.45499 	79.9828475 	0 	0 	0 	0 	77125.5537 	0 	0.000988064305 	1.28111146e-06 	0.00217757703 	      1772 	      1687
254000 	72648.0806 	0 	-4590.41901 	80.0616842 	0 	0 	0 	0 	77158.4389 	0 	0.000990518063 	1.2837456e-06 	0.00492670742 	      1772 	      1687
255000 	72648.0806 	0 	-4623.09125 	80.130385 	0 	0 	0 	0 	77191.0425 	0 	0.000994413203 	1.28824948e-06 	0.016106982 	      1772 	      1687
256000 	72648.0806 	0 	-4655.21952 	80.1835172 	0 	0 	0 	0 	77223.1176 	0 	0.00100259917 	1.2983148e-06 	0.00195008269 	      1772 	      1687
257000 	72648.0806 	0 	-4687.23178 	80.2268354 	0 	0 	0 	0 	77255.0866 	0 	0.00101339552 	1.31175249e-06 	0.0241608115 	      1772 	      1687
258000 	72648.0806 	0 	-4719.21526 	80.2689907 	0 	0 	0 	0 	77287.0279 	0 	0.00102243417 	1.32290527e-06 	0.0137225788 	      1772 	      1687
259000 	72648.0806 	0 	-4751.0318 	80.3085007 	0 	0 	0 	0 	77318.8049 	0 	0.00102990081 	1.33201854e-06 	0.0057793684 	      1772 	      1687
260000 	72648.0806 	0 	-4777.59741 	80.3430779 	0 	0 	0 	0 	77345.336 	0 	0.00103770349 	1.34164973e-06 	0.0216097268 	      1772 	      1687
261000 	72648.0806 	0 	-4799.65589 	80.371765 	0 	0 	0 	0 	77367.3658 	0 	0.00105335153 	1.36149334e-06 	0.00400319358 	      1772 	      1687
262000 	72648.0806 	0 	-4821.23636 	80.3984562 	0 	0 	0 	0 	77388.9196 	0 	0.00106954509 	1.38203905e-06 	0.00138091503 	      1772 	      1687
263000 	72648.0806 	0 	-4842.69171 	80.4249597 	0 	0 	0 	0 	77410.3484 	0 	0.00108861795 	1.40629512e-06 	0.0341516939 	      1772 	      1687
264000 	72648.0806 	0 	-4864.11223 	80.4506348 	0 	0 	0 	0 	77431.7433 	0 	0.00109803297 	1.41806567e-06 	0.0334360154 	      1772 	      1687
265000 	72648.0806 	0 	-4885.3664 	80.476052 	0 	0 	0 	0 	77452.9721 	0 	0.00110780454 	1.43029313e-06 	0.0278408045 	      1772 	      1687
266000 	72648.0806 	0 	-4906.34608 	80.5034595 	0 	0 	0 	0 	77473.9243 	0 	0.00111775963 	1.44275592e-06 	0.0265195969 	      1772 	      1687
267000 	72648.0806 	0 	-4927.24526 	80.5307478 	0 	0 	0 	0 	77494.7962 	0 	0.0011304067 	1.45868724e-06 	0.00879583298 	      1772 	      1687
268000 	72648.0806 	0 	-4948.11228 	80.5575585 	0 	0 	0 	0 	77515.6365 	0 	0.00114071407 	1.47159221e-06 	0.0221835119 	      1772 	      1687
269000 	72648.0806 	0 	-4968.95305 	80.5832093 	0 	0 	0 	0 	77536.4516 	0 	0.00115095712 	1.48440778e-06 	0.00938327896 	      1772 	      1687
270000 	72648.0806 	0 	-4989.76667 	80.6083238 	0 	0 	0 	0 	77557.2401 	0 	0.0011647159 	1.50175006e-06 	0.0181468025 	      1772 	      1687
271000 	72648.0806 	0 	-5010.60495 	80.6333461 	0 	0 	0 	0 	77578.0534 	0 	0.0011668337 	1.50407705e-06 	0.00995958061 	      1772 	      1687
272000 	72648.0806 	0 	-5031.50393 	80.656059 	0 	0 	0 	0 	77598.9296 	0 	0.00118032242 	1.52105503e-06 	0.012818236 	      1772 	      1687
273000 	72648.0806 	0 	-5052.38267 	80.6788694 	0 	0 	0 	0 	77619.7856 	0 	0.00118741643 	1.52978577e-06 	0.0133520511 	      1772 	      1687
274000 	72648.0806 	0 	-5073.15514 	80.6997754 	0 	0 	0 	0 	77640.5372 	0 	0.00119150839 	1.53464728e-06 	0.00801780412 	      1772 	      1687
275000 	72648.0806 	0 	-5093.75921 	80.719746 	0 	0 	0 	0 	77661.1213 	0 	0.00119746797 	1.54191434e-06 	0.0184005563 	      1772 	      1687
276000 	72648.0806 	0 	-5114.22804 	80.739767 	0 	0 	0 	0 	77681.5701 	0 	0.00120102036 	1.54608148e-06 	0.00894186535 	      1772 	      1687
277000 	72648.0806 	0 	-5134.60123 	80.7600517 	0 	0 	0 	0 	77701.923 	0 	0.00120511155 	1.55094173e-06 	0.0318154395 	      1772 	      1687
278000 	72648.0806 	0 	-5154.90251 	80.7800883 	0 	0 	0 	0 	77722.2042 	0 	0.00121671347 	1.56546444e-06 	0.00160918134 	      1772 	      1687
279000 	72648.0806 	0 	-5175.11767 	80.7994172 	0 	0 	0 	0 	77742.4001 	0 	0.00122092973 	1.57048114e-06 	0.0327233815 	      1772 	      1687
280000 	72648.0806 	0 	-5195.24282 	80.8180101 	0 	0 	0 	0 	77762.5066 	0 	0.00122747094 	1.57848685e-06 	0.0261845097 	      1772 	      1687
281000 	72648.0806 	0 	-5215.28012 	80.836118 	0 	0 	0 	0 	77782.5258 	0 	0.00123259606 	1.58466962e-06 	0.0174278411 	      1772 	      1687
282000 	72648.0806 	0 	-5235.23842 	80.8538208 	0 	0 	0 	0 	77802.4664 	0 	0.00124702323 	1.60280681e-06 	0.0224435674 	      1772 	      1687
283000 	72648.0806 	0 	-5255.13458 	80.871118 	0 	0 	0 	0 	77822.3453 	0 	0.00125295667 	1.61002173e-06 	0.0276200737 	      1772 	      1687
284000 	72648.0806 	0 	-5274.98018 	80.8880027 	0 	0 	0 	0 	77842.174 	0 	0.00126260439 	1.62200556e-06 	0.00104664167 	      1772 	      1687
285000 	72648.0806 	0 	-5294.78855 	80.9047057 	0 	0 	0 	0 	77861.9657 	0 	0.00127396169 	1.63617972e-06 	0.018615905 	      1772 	      1687
286000 	72648.0806 	0 	-5314.5787 	80.9213751 	0 	0 	0 	0 	77881.7392 	0 	0.00128580406 	1.65096988e-06 	0.0155325989 	      1772 	      1687
287000 	72648.0806 	0 	-5334.32796 	80.9370998 	0 	0 	0 	0 	77901.4727 	0 	0.00128936909 	1.655128e-06 	0.0168373785 	      1772 	      1687
288000 	72648.0806 	0 	-5354.01535 	80.9520157 	0 	0 	0 	0 	77921.1452 	0 	0.00129758318 	1.66525168e-06 	0.0172483802 	      1772 	      1687
289000 	72648.0806 	0 	-5373.69372 	80.9670717 	0 	0 	0 	0 	77940.8085 	0 	0.00130471862 	1.67398651e-06 	0.0224755452 	      1772 	      1687
290000 	72648.0806 	0 	-5393.33451 	80.9814548 	0 	0 	0 	0 	77960.435 	0 	0.0013150669 	1.68683884e-06 	0.0216334662 	      1772 	      1687
291000 	72648.0806 	0 	-5412.91849 	80.9955608 	0 	0 	0 	0 	77980.0048 	0 	0.00131974886 	1.69241956e-06 	0.0179584658 	      1772 	      1687
292000 	72648.0806 	0 	-5432.5414 	81.0107334 	0 	0 	0 	0 	77999.6126 	0 	0.0013236379 	1.6969801e-06 	0.0169986517 	      1772 	      1687
293000 	72648.0806 	0 	-5452.11011 	81.0250072 	0 	0 	0 	0 	78019.167 	0 	0.00134897104 	1.72902518e-06 	0.00146676658 	      1772 	      1687
294000 	72648.0806 	0 	-5471.54341 	81.0378995 	0 	0 	0 	0 	78038.5875 	0 	0.00135117359 	1.73141728e-06 	0.00916485407 	      1772 	      1687
295000 	72648.0806 	0 	-5490.8696 	81.0503372 	0 	0 	0 	0 	78057.9012 	0 	0.00136050679 	1.74294565e-06 	0.0181601108 	      1772 	      1687
296000 	72648.0806 	0 	-5510.10895 	81.0620376 	0 	0 	0 	0 	78077.1289 	0 	0.0013723764 	1.75771883e-06 	0.0128465437 	      1772 	      1687
297000 	72648.0806 	0 	-5529.26375 	81.0735823 	0 	0 	0 	0 	78096.2722 	0 	0.00138311811 	1.77104243e-06 	0.00538918271 	      1772 	      1687
298000 	72648.0806 	0 	-5548.3148 	81.0848977 	0 	0 	0 	0 	78115.3119 	0 	0.00139220068 	1.78223788e-06 	0.0150751858 	      1772 	      1687
299000 	72648.0806 	0 	-5567.242 	81.0957974 	0 	0 	0 	0 	78134.2282 	0 	0.00139921429 	1.79078277e-06 	0.0120240161 	      1772 	      1687
300000 	72648.0806 	0 	-5586.05313 	81.1063777 	0 	0 	0 	0 	78153.0288 	0 	0.0014094175 	1.80340739e-06 	0.0286975031 	      1772 	      1687
301000 	72648.0806 	0 	-5604.79049 	81.116851 	0 	0 	0 	0 	78171.7556 	0 	0.00141453445 	1.80952114e-06 	0.00515759108 	      1772 	      1687
302000 	72648.0806 	0 	-5623.47606 	81.127003 	0 	0 	0 	0 	78190.4311 	0 	0.00142570041 	1.82336942e-06 	0.0100662443 	      1772 	      1687
303000 	72648.0806 	0 	-5642.11554 	81.1366957 	0 	0 	0 	0 	78209.0609 	0 	0.00144775343 	1.85113261e-06 	0.0335206643 	      1772 	      1687
304000 	72648.0806 	0 	-5660.86253 	81.1465909 	0 	0 	0 	0 	78227.798 	0 	0.00145905181 	1.86513215e-06 	0.0202848525 	      1772 	      1687
305000 	72648.0806 	0 	-5679.56411 	81.1561534 	0 	0 	0 	0 	78246.49 	0 	0.00146961321 	1.8781842e-06 	0.0186241968 	      1772 	      1687
306000 	72648.0806 	0 	-5697.99718 	81.164535 	0 	0 	0 	0 	78264.9147 	0 	0.00147189782 	1.88066112e-06 	0.0236010714 	      1772 	      1687
307000 	72648.0806 	0 	-5716.91978 	81.174258 	0 	0 	0 	0 	78283.8276 	0 	0.00147464992 	1.88372231e-06 	0.0097065047 	      1772 	      1687
308000.001 	72648.0806 	0 	-5736.11004 	81.1841132 	0 	0 	0 	0 	78303.008 	0 	0.00147756923 	1.8869891e-06 	     0.001 	      1772 	      1687
309000 	72648.0806 	0 	-5755.28475 	81.1936028 	0 	0 	0 	0 	78322.1732 	0 	0.00147997524 	1.8895993e-06 	0.0174131073 	      1772 	      1687
310000 	72648.0806 	0 	-5775.29856 	81.2036021 	0 	0 	0 	0 	78342.177 	0 	0.00148481848 	1.89529898e-06 	0.00660415448 	      1772 	      1687
311000 	72648.0806 	0 	-5793.12436 	81.2054716 	0 	0 	0 	0 	78360.001 	0 	0.00148823926 	1.89923333e-06 	0.0225436349 	      1772 	      1687
312000 	72648.0806 	0 	-5810.32649 	81.2058509 	0 	0 	0 	0 	78377.2027 	0 	0.00149071048 	1.90196948e-06 	0.0165991884 	      1772 	      1687
313000 	72648.0806 	0 	-5827.41631 	81.2061242 	0 	0 	0 	0 	78394.2923 	0 	0.00149392178 	1.90565121e-06 	0.00306585379 	      1772 	      1687
314000 	72648.0806 	0 	-5844.57464 	81.2062344 	0 	0 	0 	0 	78411.4505 	0 	0.0014953154 	1.90701153e-06 	0.0197670045 	      1772 	      1687
315000 	72648.0806 	0 	-5861.90188 	81.2065544 	0 	0 	0 	0 	78428.7774 	0 	0.00149806279 	1.91009326e-06 	0.0187729045 	      1772 	      1687
316000 	72648.0806 	0 	-5879.4671 	81.2069444 	0 	0 	0 	0 	78446.3423 	0 	0.0015005405 	1.91282405e-06 	0.0335244033 	      1772 	      1687
317000 	72648.0806 	0 	-5897.22026 	81.2071551 	0 	0 	0 	0 	78464.0952 	0 	0.0015032332 	1.91582302e-06 	0.0234246121 	      1772 	      1687
318000 	72648.0806 	0 	-5915.14899 	81.2073836 	0 	0 	0 	0 	78482.0237 	0 	0.00150650083 	1.91954891e-06 	0.0295491976 	      1772 	      1687
319000 	72648.0806 	0 	-5933.24258 	81.2074886 	0 	0 	0 	0 	78500.1172 	0 	0.00150887914 	1.92213616e-06 	0.0159909275 	      1772 	      1687
320000 	72648.0806 	0 	-5951.46068 	81.2075948 	0 	0 	0 	0 	78518.3352 	0 	0.00151084106 	1.92418886e-06 	0.0224061392 	      1772 	      1687
321000 	72648.0806 	0 	-5969.79067 	81.2076681 	0 	0 	0 	0 	78536.6651 	0 	0.0015253071 	1.94215925e-06 	0.0279770137 	      1772 	      1687
322000 	72648.0806 	0 	-5988.2073 	81.2076736 	0 	0 	0 	0 	78555.0817 	0 	0.00152765586 	1.94469386e-06 	0.0302502197 	      1772 	      1687
323000 	72648.0806 	0 	-6006.79082 	81.2078237 	0 	0 	0 	0 	78573.6651 	0 	0.00153515843 	1.95378239e-06 	0.0184794585 	      1772 	      1687
324000 	72648.0806 	0 	-6025.55173 	81.2080502 	0 	0 	0 	0 	78592.4258 	0 	0.00153794582 	1.95686264e-06 	0.0273253671 	      1772 	      1687
325000 	72648.0806 	0 	-6044.50971 	81.2081002 	0 	0 	0 	0 	78611.3837 	0 	0.0015393721 	1.95820506e-06 	0.00131631771 	      1772 	      1687
326000 	72648.0806 	0 	-6063.56327 	81.2081215 	0 	0 	0 	0 	78630.4373 	0 	0.00154234302 	1.96150889e-06 	0.0167252541 	      1534 	      1392
327000 	72648.0806 	0 	-6082.68269 	81.2081287 	0 	0 	0 	0 	78649.5567 	0 	0.00154368492 	1.96273823e-06 	0.0353889602 	      1534 	      1392
328000 	72648.0806 	0 	-6101.83515 	81.2081339 	0 	0 	0 	0 	78668.7092 	0 	0.00154486325 	1.96375823e-06 	0.0031938036 	      1534 	      1392
329000 	72648.0806 	0 	-6120.99493 	81.2081347 	0 	0 	0 	0 	78687.8689 	0 	0.00154541065 	1.96397573e-06 	0.0100065353 	      1534 	      1392
330000 	72648.0806 	0 	-6140.14425 	81.2081363 	0 	0 	0 	0 	78707.0183 	0 	0.00154571407 	1.9638834e-06 	0.0161711656 	      1534 	      1392
331000 	72648.0806 	0 	-6159.27075 	81.2081392 	0 	0 	0 	0 	78726.1448 	0 	0.00155302396 	1.97269149e-06 	0.0216913801 	      1534 	      1392
332000 	72648.0806 	0 	-6178.38633 	81.2081447 	0 	0 	0 	0 	78745.2603 	0 	0.00155341586 	1.9727103e-06 	0.0265697716 	      1534 	      1392
333000 	72648.0806 	0 	-6197.49069 	81.2081505 	0 	0 	0 	0 	78764.3647 	0 	0.00155580362 	1.97526335e-06 	0.0308072713 	      1534 	      1392
334000 	72648.0806 	0 	-6216.55118 	81.2081611 	0 	0 	0 	0 	78783.4252 	0 	0.00156946284 	1.99212313e-06 	0.0344098007 	      1534 	      1392
335000 	72648.0806 	0 	-6235.57249 	81.2081692 	0 	0 	0 	0 	78802.4465 	0 	0.00157153024 	1.9942658e-06 	0.0373804301 	      1534 	      1392
336000.001 	72648.0806 	0 	-6254.66635 	81.2081741 	0 	0 	0 	0 	78821.5404 	0 	0.00158422433 	2.00988755e-06 	     0.001 	      1534 	      1392
337000 	72648.0806 	0 	-6273.77939 	81.2081793 	0 	0 	0 	0 	78840.6534 	0 	0.00158479849 	2.01012856e-06 	0.00143203017 	      1534 	      1392
338000 	72648.0806 	0 	-6292.87931 	81.2081835 	0 	0 	0 	0 	78859.7533 	0 	0.00158550149 	2.01053316e-06 	0.00320771761 	      1534 	      1392
339000 	72648.0806 	0 	-6311.95435 	81.2081889 	0 	0 	0 	0 	78878.8284 	0 	0.00159221741 	2.01856118e-06 	0.00370693486 	      1534 	      1392
340000 	72648.0806 	0 	-6330.99423 	81.2081938 	0 	0 	0 	0 	78897.8682 	0 	0.00159546259 	2.02218719e-06 	0.00358766707 	      1534 	      1392
341000 	72648.0806 	0 	-6349.98795 	81.2081974 	0 	0 	0 	0 	78916.8619 	0 	0.00159592285 	2.02228372e-06 	0.00285382138 	      1534 	      1392
342000 	72648.0806 	0 	-6368.95409 	81.2082004 	0 	0 	0 	0 	78935.8281 	0 	0.00159622538 	2.02218108e-06 	0.00150811253 	      1534 	      1392
343000 	72648.0806 	0 	-6387.90634 	81.2082034 	0 	0 	0 	0 	78954.7803 	0 	0.00159687657 	2.02252043e-06 	0.0387119451 	      1534 	      1392
344000 	72648.0806 	0 	-6406.82232 	81.2082067 	0 	0 	0 	0 	78973.6963 	0 	0.00160972116 	2.03830039e-06 	0.036118228 	      1534 	      1392
345000 	72648.0806 	0 	-6425.71356 	81.2082128 	0 	0 	0 	0 	78992.5876 	0 	0.00161048719 	2.03878268e-06 	0.0329221058 	      1534 	      1392
346000 	72648.0806 	0 	-6444.58944 	81.2082158 	0 	0 	0 	0 	79011.4634 	0 	0.00161702881 	2.04657495e-06 	0.0291241005 	      1534 	      1392
347000 	72648.0806 	0 	-6463.4453 	81.2082217 	0 	0 	0 	0 	79030.3193 	0 	0.00161839739 	2.04781837e-06 	0.0247280494 	      1534 	      1392
348000 	72648.0806 	0 	-6482.2788 	81.2082264 	0 	0 	0 	0 	79049.1528 	0 	0.00163299778 	2.06580048e-06 	0.0197368568 	      1534 	      1392
349000 	72648.0806 	0 	-6501.08823 	81.2082321 	0 	0 	0 	0 	79067.9622 	0 	0.00163352028 	2.06596988e-06 	0.0141532267 	      1534 	      1392
350000 	72648.0806 	0 	-6519.87221 	81.2082352 	0 	0 	0 	0 	79086.7462 	0 	0.00163580522 	2.06836834e-06 	0.00797988503 	      1534 	      1392
351000 	72648.0806 	0 	-6538.62971 	81.2082415 	0 	0 	0 	0 	79105.5037 	0 	0.00163767315 	2.07023921e-06 	0.00121955422 	      1534 	      1392
352000 	72648.0806 	0 	-6557.34969 	81.208245 	0 	0 	0 	0 	79124.2237 	0 	0.00164593267 	2.08018808e-06 	0.0327632834 	      1534 	      1392
353000 	72648.0806 	0 	-6575.76523 	81.2082476 	0 	0 	0 	0 	79142.6392 	0 	0.0016471202 	2.08120453e-06 	0.0248057448 	      1534 	      1392
354000 	72648.0806 	0 	-6594.046 	81.2082501 	0 	0 	0 	0 	79160.92 	0 	0.00165518858 	2.0909163e-06 	0.0162684235 	      1534 	      1392
355000 	72648.0806 	0 	-6612.3107 	81.2082563 	0 	0 	0 	0 	79179.1847 	0 	0.00165659268 	2.09220729e-06 	0.00715598901 	      1534 	      1392
356000 	72648.0806 	0 	-6630.57939 	81.2082594 	0 	0 	0 	0 	79197.4534 	0 	0.00165824473 	2.09381067e-06 	0.0362397828 	      1534 	      1392
357000 	72648.0806 	0 	-6648.85212 	81.2082624 	0 	0 	0 	0 	79215.7261 	0 	0.00166624134 	2.10342242e-06 	0.025953822 	      1534 	      1392
358000 	72648.0806 	0 	-6667.09208 	81.208266 	0 	0 	0 	0 	79233.9661 	0 	0.00168339662 	2.12458962e-06 	0.0151008441 	      1534 	      1392
359000 	72648.0806 	0 	-6685.30674 	81.2082703 	0 	0 	0 	0 	79252.1808 	0 	0.0016865682 	2.1281032e-06 	0.00368286122 	      1534 	      1392
360000 	72648.0806 	0 	-6703.50924 	81.2082758 	0 	0 	0 	0 	79270.3832 	0 	0.00169173261 	2.13412947e-06 	0.0303521455 	      1534 	      1392
361000 	72648.0806 	0 	-6721.68683 	81.2082768 	0 	0 	0 	0 	79288.5608 	0 	0.00169366488 	2.13607721e-06 	0.0177806672 	      1534 	      1392
362000 	72648.0806 	0 	-6739.83177 	81.2082783 	0 	0 	0 	0 	79306.7058 	0 	0.00170189666 	2.14596817e-06 	0.00465241401 	      1534 	      1392
363000 	72648.0806 	0 	-6757.95855 	81.2082812 	0 	0 	0 	0 	79324.8326 	0 	0.00170535578 	2.14983849e-06 	0.0295318004 	      1534 	      1392
364000 	72648.0806 	0 	-6776.07565 	81.2082853 	0 	0 	0 	0 	79342.9497 	0 	0.00170926246 	2.15427139e-06 	0.0152659509 	      1534 	      1392
365000.001 	72648.0806 	0 	-6794.17772 	81.2082885 	0 	0 	0 	0 	79361.0517 	0 	0.00172082595 	2.16835074e-06 	     0.001 	      1534 	      1392
366000 	72648.0806 	0 	-6812.27452 	81.208292 	0 	0 	0 	0 	79379.1485 	0 	0.0017219618 	2.16928732e-06 	0.0230138362 	      1534 	      1392
367000 	72648.0806 	0 	-6830.35264 	81.2082955 	0 	0 	0 	0 	79397.2267 	0 	0.00172485855 	2.17244181e-06 	0.00762558868 	      1534 	      1392
368000 	72648.0806 	0 	-6848.40621 	81.2082982 	0 	0 	0 	0 	79415.2802 	0 	0.00173533986 	2.18514605e-06 	0.0295642551 	      1534 	      1392
369000 	72648.0806 	0 	-6866.44156 	81.2083022 	0 	0 	0 	0 	79433.3156 	0 	0.00175551024 	2.21004276e-06 	0.0125161764 	      1534 	      1392
370000 	72648.0806 	0 	-6884.46299 	81.2083037 	0 	0 	0 	0 	79451.337 	0 	0.0017571358 	2.21158746e-06 	0.0332908444 	      1534 	      1392
371000 	72648.0806 	0 	-6902.47319 	81.2083078 	0 	0 	0 	0 	79469.3472 	0 	0.00176551063 	2.22162468e-06 	0.0151414825 	      1534 	      1392
372000 	72648.0806 	0 	-6920.47234 	81.208309 	0 	0 	0 	0 	79487.3464 	0 	0.00177008074 	2.22687109e-06 	0.0347623813 	      1534 	      1392
373000 	72648.0806 	0 	-6938.45427 	81.2083148 	0 	0 	0 	0 	79505.3283 	0 	0.0017752736 	2.2328989e-06 	0.0155217596 	      1534 	      1392
374000 	72648.0806 	0 	-6956.41453 	81.2083175 	0 	0 	0 	0 	79523.2886 	0 	0.00177895468 	2.23702354e-06 	0.033999467 	      1534 	      1392
375000 	72648.0806 	0 	-6974.35134 	81.2083205 	0 	0 	0 	0 	79541.2254 	0 	0.00178074822 	2.23877394e-06 	0.0136772773 	      1534 	      1392
376000 	72648.0806 	0 	-6992.23565 	81.2083243 	0 	0 	0 	0 	79559.1097 	0 	0.00179029217 	2.25026672e-06 	0.0310213444 	      1534 	      1392
377000 	72648.0806 	0 	-7010.06854 	81.2083281 	0 	0 	0 	0 	79576.9426 	0 	0.00179506747 	2.2557633e-06 	0.00962970761 	      1534 	      1392
378000 	72648.0806 	0 	-7027.9007 	81.2083312 	0 	0 	0 	0 	79594.7748 	0 	0.00179928659 	2.26055868e-06 	0.0258506782 	      1534 	      1392
379000 	72648.0806 	0 	-7045.71069 	81.2083334 	0 	0 	0 	0 	79612.5848 	0 	0.00180391446 	2.26586597e-06 	0.00339517777 	      1534 	      1392
380000 	72648.0806 	0 	-7063.51131 	81.2083362 	0 	0 	0 	0 	79630.3854 	0 	0.00180839811 	2.27099003e-06 	0.0185026039 	      1534 	      1392
381000 	72648.0806 	0 	-7081.28252 	81.2083386 	0 	0 	0 	0 	79648.1566 	0 	0.00182239655 	2.28805866e-06 	0.0330427287 	      1534 	      1392
382000 	72648.0806 	0 	-7099.08825 	81.208343 	0 	0 	0 	0 	79665.9623 	0 	0.0018277838 	2.29430957e-06 	0.00900201761 	      1534 	      1392
383000 	72648.0806 	0 	-7116.95284 	81.2083454 	0 	0 	0 	0 	79683.8269 	0 	0.00183213837 	2.29926001e-06 	0.0224397203 	      1534 	      1392
384000 	72648.0806 	0 	-7134.80567 	81.2083483 	0 	0 	0 	0 	79701.6797 	0 	0.00183436977 	2.30154468e-06 	0.0353207291 	      1534 	      1392
385000 	72648.0806 	0 	-7152.60275 	81.2083504 	0 	0 	0 	0 	79719.4768 	0 	0.00183825748 	2.3059076e-06 	0.00971251924 	      1534 	      1392
386000 	72648.0806 	0 	-7170.63444 	81.2083576 	0 	0 	0 	0 	79737.5085 	0 	0.0018474926 	2.31696806e-06 	0.021511691 	      1534 	      1392
387000 	72648.0806 	0 	-7188.80287 	81.2083603 	0 	0 	0 	0 	79755.677 	0 	0.0018538444 	2.32440432e-06 	0.0327502544 	      1534 	      1392
388000 	72648.0806 	0 	-7207.00049 	81.2083637 	0 	0 	0 	0 	79773.8746 	0 	0.00185566532 	2.32615669e-06 	0.00558738777 	      1534 	      1392
389000 	72648.0806 	0 	-7225.05226 	81.2083678 	0 	0 	0 	0 	79791.9264 	0 	0.00186014202 	2.33124089e-06 	0.0157635692 	      1534 	      1392
390000 	72648.0806 	0 	-7242.96928 	81.2083712 	0 	0 	0 	0 	79809.8434 	0 	0.00186353271 	2.33496601e-06 	0.0253941939 	      1534 	      1392
391000 	72648.0806 	0 	-7260.77177 	81.2083739 	0 	0 	0 	0 	79827.6459 	0 	0.00186937442 	2.34176318e-06 	0.0344812085 	      1534 	      1392
392000 	72648.0806 	0 	-7278.4958 	81.208377 	0 	0 	0 	0 	79845.3699 	0 	0.00187162557 	2.34406275e-06 	0.0052840712 	      1534 	      1392
393000 	72648.0806 	0 	-7296.1888 	81.2083789 	0 	0 	0 	0 	79863.0629 	0 	0.00187601837 	2.34904386e-06 	0.0133181181 	      1534 	      1392
394000 	72648.0806 	0 	-7313.86186 	81.2083808 	0 	0 	0 	0 	79880.736 	0 	0.0018788477 	2.35206609e-06 	0.0208152099 	      1534 	      1392
395000 	72648.0806 	0 	-7331.50559 	81.2083821 	0 	0 	0 	0 	79898.3797 	0 	0.00188594083 	2.36042438e-06 	0.0277788385 	      1534 	      1392
396000 	72648.0806 	0 	-7349.11691 	81.2083849 	0 	0 	0 	0 	79915.991 	0 	0.00189104601 	2.36629238e-06 	0.03421179 	      1534 	      1392
397000 	72648.0806 	0 	-7366.72527 	81.2083863 	0 	0 	0 	0 	79933.5994 	0 	0.00189291357 	2.36810751e-06 	0.00250843522 	      1534 	      1392
398000 	72648.0806 	0 	-7384.35824 	81.2083888 	0 	0 	0 	0 	79951.2323 	0 	0.0018967759 	2.37241608e-06 	0.0079110958 	      1534 	      1392
399000 	72648.0806 	0 	-7401.99542 	81.208392 	0 	0 	0 	0 	79968.8695 	0 	0.00189889755 	2.37454595e-06 	0.0127884707 	      1534 	      1392
400000 	72648.0806 	0 	-7419.60639 	81.2083946 	0 	0 	0 	0 	79986.4805 	0 	0.00190038947 	2.37588835e-06 	0.0171439731 	      1534 	      1392
401000 	72648.0806 	0 	-7437.17503 	81.208399 	0 	0 	0 	0 	80004.0491 	0 	0.00190380278 	2.37963303e-06 	0.0209799177 	      1534 	      1392
402000 	72648.0806 	0 	-7454.7123 	81.2084008 	0 	0 	0 	0 	80021.5864 	0 	0.00190664973 	2.38266925e-06 	0.0242979901 	      1534 	      1392
403000 	72648.0806 	0 	-7472.23287 	81.2084037 	0 	0 	0 	0 	80039.107 	0 	0.00190852009 	2.38448449e-06 	0.027099697 	      1534 	      1392
404000 	72648.0806 	0 	-7489.73226 	81.2084054 	0 	0 	0 	0 	80056.6064 	0 	0.00191124027 	2.38736108e-06 	0.0293872615 	      1534 	      1392
405000 	72648.0806 	0 	-7507.19344 	81.2084071 	0 	0 	0 	0 	80074.0676 	0 	0.00192374257 	2.40245392e-06 	0.0311640672 	      1534 	      1392
406000 	72648.0806 	0 	-7524.65146 	81.2084103 	0 	0 	0 	0 	80091.5256 	0 	0.00192525418 	2.40381759e-06 	0.0324328456 	      1534 	      1392
407000 	72648.0806 	0 	-7542.11417 	81.2084117 	0 	0 	0 	0 	80108.9883 	0 	0.00192839865 	2.40721883e-06 	0.0331909534 	      1534 	      1392
408000 	72648.0806 	0 	-7559.5628 	81.2084132 	0 	0 	0 	0 	80126.4369 	0 	0.00193724988 	2.4177412e-06 	0.033447407 	      1534 	      1392
409000 	72648.0806 	0 	-7576.97532 	81.2084142 	0 	0 	0 	0 	80143.8494 	0 	0.00193778941 	2.41788911e-06 	0.0331968291 	      1534 	      1392
410000 	72648.0806 	0 	-7594.30076 	81.2084147 	0 	0 	0 	0 	80161.1749 	0 	0.00194079682 	2.42111823e-06 	0.0324526637 	      1534 	      1392
411000 	72648.0806 	0 	-7611.6877 	81.2084161 	0 	0 	0 	0 	80178.5618 	0 	0.00194374265 	2.4242673e-06 	0.0312066873 	      1534 	      1392
412000 	72648.0806 	0 	-7629.09991 	81.2084175 	0 	0 	0 	0 	80195.974 	0 	0.00194912311 	2.43045007e-06 	0.0294584173 	      1534 	      1392
413000 	72648.0806 	0 	-7646.39087 	81.2084185 	0 	0 	0 	0 	80213.265 	0 	0.0019549585 	2.437201e-06 	0.0272213605 	      1534 	      1392
414000 	72648.0806 	0 	-7663.58458 	81.2084194 	0 	0 	0 	0 	80230.4587 	0 	0.00197089442 	2.45654138e-06 	0.0244934053 	      1534 	      1392
415000 	72648.0806 	0 	-7680.71826 	81.2084205 	0 	0 	0 	0 	80247.5924 	0 	0.00197399527 	2.45988099e-06 	0.0212742472 	      1534 	      1392
416000 	72648.0806 	0 	-7697.81234 	81.2084217 	0 	0 	0 	0 	80264.6865 	0 	0.00198500769 	2.47307724e-06 	0.0175664786 	      1534 	      1392
417000 	72648.0806 	0 	-7714.87717 	81.2084226 	0 	0 	0 	0 	80281.7513 	0 	0.00200105605 	2.49254161e-06 	0.0133722394 	      1534 	      1392
418000 	72648.0806 	0 	-7731.91305 	81.2084232 	0 	0 	0 	0 	80298.7872 	0 	0.00200334698 	2.4948658e-06 	0.00869397382 	      1534 	      1392
419000 	72648.0806 	0 	-7748.92134 	81.2084235 	0 	0 	0 	0 	80315.7955 	0 	0.00200663882 	2.49843609e-06 	0.00353393407 	      1534 	      1392
420000 	72648.0806 	0 	-7765.91031 	81.208424 	0 	0 	0 	0 	80332.7845 	0 	0.00200950234 	2.50147228e-06 	0.034893563 	      1534 	      1392
421000 	72648.0806 	0 	-7782.8872 	81.2084244 	0 	0 	0 	0 	80349.7614 	0 	0.00201207526 	2.50414591e-06 	0.0287498223 	      1534 	      1392
422000 	72648.0806 	0 	-7799.85624 	81.2084249 	0 	0 	0 	0 	80366.7304 	0 	0.00201503387 	2.50729855e-06 	0.0221301232 	      1534 	      1392
423000 	72648.0806 	0 	-7816.81801 	81.2084252 	0 	0 	0 	0 	80383.6922 	0 	0.00201665481 	2.50878599e-06 	0.0150363774 	      1534 	      1392
424000 	72648.0806 	0 	-7833.76838 	81.2084253 	0 	0 	0 	0 	80400.6426 	0 	0.00201870866 	2.5108116e-06 	0.00747074944 	      1534 	      1392
425000 	72648.0806 	0 	-7850.7045 	81.2084258 	0 	0 	0 	0 	80417.5787 	0 	0.00202739837 	2.52108855e-06 	0.0363065511 	      1534 	      1392
426000 	72648.0806 	0 	-7867.62462 	81.208426 	0 	0 	0 	0 	80434.4988 	0 	0.00203164112 	2.52583301e-06 	0.0277776295 	      1534 	      1392
427000 	72648.0806 	0 	-7884.52743 	81.2084266 	0 	0 	0 	0 	80451.4016 	0 	0.00203259503 	2.52648803e-06 	0.0187827473 	      1534 	      1392
428000 	72648.0806 	0 	-7901.41203 	81.2084269 	0 	0 	0 	0 	80468.2862 	0 	0.0020352228 	2.5292235e-06 	0.00932384143 	      1534 	      1392
429000 	72648.0806 	0 	-7918.27779 	81.2084273 	0 	0 	0 	0 	80485.152 	0 	0.00204069274 	2.5354897e-06 	0.0361724987 	      1534 	      1392
430000 	72648.0806 	0 	-7935.12427 	81.2084276 	0 	0 	0 	0 	80501.9985 	0 	0.00204414559 	2.53924825e-06 	0.0257660231 	      1534 	      1392
431000 	72648.0806 	0 	-7951.95114 	81.2084277 	0 	0 	0 	0 	80518.8254 	0 	0.00204817226 	2.5437185e-06 	0.0149013402 	      1534 	      1392
432000 	72648.0806 	0 	-7968.75822 	81.2084279 	0 	0 	0 	0 	80535.6324 	0 	0.00205630157 	2.55328171e-06 	0.0035803332 	      1534 	      1392
433000 	72648.0806 	0 	-7985.5454 	81.2084282 	0 	0 	0 	0 	80552.4196 	0 	0.00205885955 	2.55592515e-06 	0.0284737407 	      1534 	      1392
434000 	72648.0806 	0 	-8002.31255 	81.2084285 	0 	0 	0 	0 	80569.1868 	0 	0.00205985527 	2.55662909e-06 	0.0162206835 	      1534 	      1392
435000 	72648.0806 	0 	-8019.05978 	81.208429 	0 	0 	0 	0 	80585.934 	0 	0.00206140753 	2.558024e-06 	0.00351700926 	      1534 	      1392
436000 	72648.0806 	0 	-8035.78779 	81.2084292 	0 	0 	0 	0 	80602.662 	0 	0.00206543565 	2.56249061e-06 	0.0269583901 	      1534 	      1392
437000 	72648.0806 	0 	-8052.50086 	81.2084302 	0 	0 	0 	0 	80619.3751 	0 	0.00206760567 	2.56465108e-06 	0.0133342313 	      1534 	      1392
438000 	72648.0806 	0 	-8069.20314 	81.2084306 	0 	0 	0 	0 	80636.0774 	0 	0.00206976836 	2.5668019e-06 	0.0358089475 	      1534 	      1392
439000 	72648.0806 	0 	-8085.89713 	81.208431 	0 	0 	0 	0 	80652.7714 	0 	0.00207170422 	2.56867084e-06 	0.0212716297 	      1534 	      1392
440000 	72648.0806 	0 	-8102.58448 	81.2084313 	0 	0 	0 	0 	80669.4587 	0 	0.00207484522 	2.57203315e-06 	0.00629297254 	      1534 	      1392
441000 	72648.0806 	0 	-8119.26635 	81.2084317 	0 	0 	0 	0 	80686.1406 	0 	0.00207748596 	2.57477423e-06 	0.0273444927 	      1534 	      1392
442000 	72648.0806 	0 	-8135.94358 	81.2084322 	0 	0 	0 	0 	80702.8178 	0 	0.00207942733 	2.57664774e-06 	0.0114639574 	      1534 	      1392
443000 	72648.0806 	0 	-8152.61677 	81.2084332 	0 	0 	0 	0 	80719.491 	0 	0.00208214996 	2.57948847e-06 	0.0315679739 	      1534 	      1392
444000 	72648.0806 	0 	-8169.28636 	81.2084333 	0 	0 	0 	0 	80736.1606 	0 	0.00208440989 	2.58175503e-06 	0.0147929548 	      1534 	      1392
445000 	72648.0806 	0 	-8185.94868 	81.208434 	0 	0 	0 	0 	80752.8229 	0 	0.0020861114 	2.58332938e-06 	0.0339567342 	      1534 	      1392
446000 	72648.0806 	0 	-8202.58882 	81.2084348 	0 	0 	0 	0 	80769.4631 	0 	0.00208917134 	2.58658564e-06 	0.0162943777 	      1534 	      1392
447000 	72648.0806 	0 	-8219.20569 	81.208435 	0 	0 	0 	0 	80786.0799 	0 	0.0020934942 	2.59140461e-06 	0.0345263864 	      1534 	      1392
448000 	72648.0806 	0 	-8235.80829 	81.2084355 	0 	0 	0 	0 	80802.6826 	0 	0.00210458039 	2.60459223e-06 	0.0159844983 	      1534 	      1392
449000 	72648.0806 	0 	-8252.4021 	81.2084358 	0 	0 	0 	0 	80819.2764 	0 	0.00210735091 	2.6074855e-06 	0.0332910865 	      1534 	      1392
450000 	72648.0806 	0 	-8268.98956 	81.2084363 	0 	0 	0 	0 	80835.8638 	0 	0.00211032259 	2.61062663e-06 	0.0138761479 	      1534 	      1392
451000 	72648.0806 	0 	-8285.56762 	81.2084365 	0 	0 	0 	0 	80852.4419 	0 	0.0021115694 	2.61163342e-06 	0.0302647622 	      1534 	      1392
452000 	72648.0806 	0 	-8302.13377 	81.2084367 	0 	0 	0 	0 	80869.008 	0 	0.00211494631 	2.61527421e-06 	0.00998417096 	      1534 	      1392
453000 	72648.0806 	0 	-8318.68986 	81.208437 	0 	0 	0 	0 	80885.5641 	0 	0.00211863899 	2.61930422e-06 	0.0254624966 	      1534 	      1392
454000 	72648.0806 	0 	-8335.23837 	81.2084372 	0 	0 	0 	0 	80902.1127 	0 	0.00213212168 	2.63543387e-06 	0.00432329037 	      1534 	      1392
455000 	72648.0806 	0 	-8351.78044 	81.2084374 	0 	0 	0 	0 	80918.6547 	0 	0.00213338742 	2.63645932e-06 	0.0188981869 	      1534 	      1392
456000 	72648.0806 	0 	-8368.3168 	81.2084377 	0 	0 	0 	0 	80935.1911 	0 	0.00213668715 	2.63999766e-06 	0.0330120805 	      1534 	      1392
457000 	72648.0806 	0 	-8384.84795 	81.2084383 	0 	0 	0 	0 	80951.7222 	0 	0.00214105306 	2.64485177e-06 	0.0105858438 	      1534 	      1392
458000 	72648.0806 	0 	-8401.37173 	81.2084386 	0 	0 	0 	0 	80968.246 	0 	0.00214182244 	2.64526224e-06 	0.0238069923 	      1534 	      1392
459000 	72648.0806 	0 	-8417.88914 	81.2084389 	0 	0 	0 	0 	80984.7634 	0 	0.00214395148 	2.64735166e-06 	     0.001 	      1534 	      1392
460000 	72648.0806 	0 	-8434.40118 	81.2084394 	0 	0 	0 	0 	81001.2755 	0 	0.00215343767 	2.65852316e-06 	0.0124146601 	      1534 	      1392
461000 	72648.0806 	0 	-8450.90805 	81.2084398 	0 	0 	0 	0 	81017.7824 	0 	0.0021551245 	2.66006355e-06 	0.0247583956 	      1534 	      1392
462000.001 	72648.0806 	0 	-8467.40818 	81.2084402 	0 	0 	0 	0 	81034.2825 	0 	0.00215764481 	2.66263208e-06 	     0.001 	      1534 	      1392
463000 	72648.0806 	0 	-8483.89988 	81.2084402 	0 	0 	0 	0 	81050.7742 	0 	0.00216572653 	2.6720615e-06 	0.0104676935 	      1534 	      1392
464000 	72648.0806 	0 	-8500.38251 	81.2084404 	0 	0 	0 	0 	81067.2568 	0 	0.0021683275 	2.67472662e-06 	0.0217990208 	      1534 	      1392
465000 	72648.0806 	0 	-8516.85578 	81.208441 	0 	0 	0 	0 	81083.7301 	0 	0.00217038635 	2.67672237e-06 	0.0319152491 	      1534 	      1392
466000 	72648.0806 	0 	-8533.31952 	81.2084413 	0 	0 	0 	0 	81100.1938 	0 	0.00217292692 	2.67931162e-06 	0.00572045834 	      1534 	      1392
467000 	72648.0806 	0 	-8549.76809 	81.2084416 	0 	0 	0 	0 	81116.6424 	0 	0.00218210656 	2.69008491e-06 	0.0149746207 	      1534 	      1392
468000 	72648.0806 	0 	-8565.94638 	81.2084418 	0 	0 	0 	0 	81132.8207 	0 	0.00218437953 	2.69235003e-06 	0.0237683681 	      1534 	      1392
469000 	72648.0806 	0 	-8581.61736 	81.2084419 	0 	0 	0 	0 	81148.4917 	0 	0.00218812375 	2.69644414e-06 	0.0321419099 	      1534 	      1392
470000 	72648.0806 	0 	-8597.10954 	81.208442 	0 	0 	0 	0 	81163.9839 	0 	0.0021894667 	2.69758407e-06 	0.00431509595 	      1534 	      1392
471000 	72648.0806 	0 	-8613.04759 	81.2084426 	0 	0 	0 	0 	81179.9219 	0 	0.00219734784 	2.7067627e-06 	0.0118687769 	      1534 	      1392
472000 	72648.0806 	0 	-8629.20711 	81.2084429 	0 	0 	0 	0 	81196.0815 	0 	0.00219976214 	2.70919741e-06 	0.0189541042 	      1534 	      1392
473000 	72648.0806 	0 	-8644.96561 	81.2084431 	0 	0 	0 	0 	81211.84 	0 	0.002201813 	2.71119703e-06 	0.0255933802 	      1534 	      1392
474000 	72648.0806 	0 	-8660.52397 	81.2084432 	0 	0 	0 	0 	81227.3983 	0 	0.00220378084 	2.71310036e-06 	0.0318426717 	      1534 	      1392
475000 	72648.0806 	0 	-8676.5271 	81.2084433 	0 	0 	0 	0 	81243.4015 	0 	0.00220756738 	2.71722668e-06 	0.00200664124 	      1534 	      1392
476000 	72648.0806 	0 	-8692.77835 	81.2084439 	0 	0 	0 	0 	81259.6527 	0 	0.002209425 	2.71896929e-06 	0.00740686798 	      1534 	      1392
477000 	72648.0806 	0 	-8709.20345 	81.2084446 	0 	0 	0 	0 	81276.0778 	0 	0.00221809429 	2.72908628e-06 	0.0123804839 	      1534 	      1392
478000 	72648.0806 	0 	-8725.60601 	81.208445 	0 	0 	0 	0 	81292.4804 	0 	0.0022369627 	2.75174615e-06 	0.0169301446 	      1534 	      1392
479000 	72648.0806 	0 	-8741.97618 	81.2084453 	0 	0 	0 	0 	81308.8506 	0 	0.00223749591 	2.75184791e-06 	0.021063497 	      1534 	      1392
480000 	72648.0806 	0 	-8758.33656 	81.2084455 	0 	0 	0 	0 	81325.2109 	0 	0.00223828475 	2.75226431e-06 	0.0247755321 	      1534 	      1392
481000 	72648.0806 	0 	-8774.68868 	81.2084456 	0 	0 	0 	0 	81341.5631 	0 	0.00224684978 	2.76224072e-06 	0.0280689892 	      1534 	      1392
482000 	72648.0806 	0 	-8791.01651 	81.2084459 	0 	0 	0 	0 	81357.8909 	0 	0.00224770959 	2.76274319e-06 	0.0309448522 	      1534 	      1392
483000 	72648.0806 	0 	-8807.32599 	81.2084459 	0 	0 	0 	0 	81374.2004 	0 	0.00225330543 	2.76906614e-06 	0.0334068885 	      1534 	      1392
484000.001 	72648.0806 	0 	-8823.68533 	81.208446 	0 	0 	0 	0 	81390.5597 	0 	0.0022602477 	2.77703914e-06 	     0.001 	      1534 	      1392
485000 	72648.0806 	0 	-8840.07948 	81.2084466 	0 	0 	0 	0 	81406.9539 	0 	0.00226210195 	2.77875763e-06 	     0.001 	      1534 	      1392
486000 	72648.0806 	0 	-8856.41238 	81.2084469 	0 	0 	0 	0 	81423.2868 	0 	0.00226316844 	2.77951005e-06 	0.00256330858 	      1534 	      1392
487000 	72648.0806 	0 	-8872.24021 	81.2084474 	0 	0 	0 	0 	81439.1146 	0 	0.00226453868 	2.78065238e-06 	0.00372109382 	      1534 	      1392
488000 	72648.0806 	0 	-8887.71057 	81.2084477 	0 	0 	0 	0 	81454.585 	0 	0.00226803785 	2.78442011e-06 	0.00415464898 	      1534 	      1392
489000 	72648.0806 	0 	-8902.98625 	81.2084478 	0 	0 	0 	0 	81469.8607 	0 	0.00227139061 	2.78801337e-06 	0.00418240856 	      1534 	      1392
490000 	72648.0806 	0 	-8918.74997 	81.208448 	0 	0 	0 	0 	81485.6244 	0 	0.00227933381 	2.797222e-06 	0.00383433979 	      1534 	      1392
491000 	72648.0806 	0 	-8934.86018 	81.2084482 	0 	0 	0 	0 	81501.7346 	0 	0.00228475231 	2.8033174e-06 	0.00304866116 	      1534 	      1392
492000 	72648.0806 	0 	-8951.09997 	81.2084485 	0 	0 	0 	0 	81517.9744 	0 	0.00229949135 	2.82083965e-06 	0.00186263793 	      1534 	      1392
493000.001 	72648.0806 	0 	-8967.33532 	81.2084489 	0 	0 	0 	0 	81534.2098 	0 	0.0023007444 	2.8218148e-06 	     0.001 	      1534 	      1392
494000 	72648.0806 	0 	-8983.03662 	81.2084493 	0 	0 	0 	0 	81549.9111 	0 	0.00230852293 	2.83080987e-06 	0.0327647513 	      1534 	      1392
495000 	72648.0806 	0 	-8998.35167 	81.2084495 	0 	0 	0 	0 	81565.2261 	0 	0.00231495303 	2.83816173e-06 	0.0310987923 	      1534 	      1392
496000 	72648.0806 	0 	-9013.50523 	81.2084497 	0 	0 	0 	0 	81580.3797 	0 	0.00232580843 	2.85094092e-06 	0.0283096714 	      1534 	      1392
497000 	72648.0806 	0 	-9029.25241 	81.20845 	0 	0 	0 	0 	81596.1269 	0 	0.00232893275 	2.85421973e-06 	0.0251518158 	      1534 	      1392
498000 	72648.0806 	0 	-9045.34797 	81.2084501 	0 	0 	0 	0 	81612.2224 	0 	0.00233173282 	2.85708776e-06 	0.0215653045 	      1534 	      1392
499000 	72648.0806 	0 	-9061.56271 	81.2084504 	0 	0 	0 	0 	81628.4372 	0 	0.00233772155 	2.86385681e-06 	0.0046938376 	      1534 	      1392
500000 	72648.0806 	0 	-9077.30071 	81.2084504 	0 	0 	0 	0 	81644.1752 	0 	0.00235110566 	2.87969798e-06 	0.0222439037 	      1534 	      1392
501000 	72648.0806 	0 	-9092.69249 	81.2084505 	0 	0 	0 	0 	81659.567 	0 	0.00235975457 	2.88974661e-06 	0.0194105479 	      1534 	      1392
502000 	72648.0806 	0 	-9107.9433 	81.2084509 	0 	0 	0 	0 	81674.8178 	0 	0.00237252971 	2.90484848e-06 	0.0165728274 	      1534 	      1392
503000 	72648.0806 	0 	-9123.14864 	81.2084509 	0 	0 	0 	0 	81690.0232 	0 	0.00237527283 	2.90766576e-06 	0.0137319505 	      1534 	      1392
504000 	72648.0806 	0 	-9138.34389 	81.2084511 	0 	0 	0 	0 	81705.2184 	0 	0.00237821267 	2.9107231e-06 	0.0108886903 	      1534 	      1392
505000 	72648.0806 	0 	-9153.54205 	81.2084511 	0 	0 	0 	0 	81720.4166 	0 	0.00238176394 	2.91452742e-06 	0.00804350112 	      1534 	      1392
506000 	72648.0806 	0 	-9168.75287 	81.2084513 	0 	0 	0 	0 	81735.6274 	0 	0.00238506925 	2.91802893e-06 	0.00519665494 	      1534 	      1392
507000 	72648.0806 	0 	-9183.98129 	81.2084514 	0 	0 	0 	0 	81750.8558 	0 	0.00238859114 	2.92179343e-06 	0.0023479017 	      1534 	      1392
508000 	72648.0806 	0 	-9199.16801 	81.2084515 	0 	0 	0 	0 	81766.0426 	0 	0.0023958978 	2.93018682e-06 	0.0346396472 	      1534 	      1392
509000 	72648.0806 	0 	-9214.07176 	81.2084515 	0 	0 	0 	0 	81780.9463 	0 	0.00240396392 	2.93951591e-06 	0.0317768994 	      1534 	      1392
510000 	72648.0806 	0 	-9228.96822 	81.2084516 	0 	0 	0 	0 	81795.8428 	0 	0.00241014887 	2.94654201e-06 	0.0289510172 	      1534 	      1392
511000 	72648.0806 	0 	-9245.05952 	81.2084525 	0 	0 	0 	0 	81811.9341 	0 	0.00241516945 	2.9520992e-06 	0.0261508711 	      1534 	      1392
512000 	72648.0806 	0 	-9261.35995 	81.2084544 	0 	0 	0 	0 	81828.2345 	0 	0.0024183495 	2.95539738e-06 	0.0232763105 	      1534 	      1392
513000 	72648.0806 	0 	-9277.7701 	81.2084547 	0 	0 	0 	0 	81844.6447 	0 	0.00242134108 	2.95846001e-06 	0.0204122026 	      1534 	      1392
514000 	72648.0806 	0 	-9294.24994 	81.2084551 	0 	0 	0 	0 	81861.1245 	0 	0.00242459847 	2.96184359e-06 	0.017550178 	      1534 	      1392
515000 	72648.0806 	0 	-9310.78352 	81.2084558 	0 	0 	0 	0 	81877.6581 	0 	0.00243498926 	2.97393614e-06 	0.0146855475 	      1534 	      1392
516000 	72648.0806 	0 	-9327.35285 	81.2084561 	0 	0 	0 	0 	81894.2274 	0 	0.0024385383 	2.97766812e-06 	0.0118225373 	      1534 	      1392
517000 	72648.0806 	0 	-9343.93909 	81.2084564 	0 	0 	0 	0 	81910.8137 	0 	0.00244312536 	2.98266523e-06 	0.00895819266 	      1534 	      1392
518000 	72648.0806 	0 	-9360.53187 	81.2084565 	0 	0 	0 	0 	81927.4065 	0 	0.00244837608 	2.98847014e-06 	0.00609239115 	      1534 	      1392
519000 	72648.0806 	0 	-9377.12567 	81.2084578 	0 	0 	0 	0 	81944.0003 	0 	0.0024534745 	2.99408681e-06 	0.00322493439 	      1534 	      1392
520000.001 	72648.0806 	0 	-9393.71532 	81.2084582 	0 	0 	0 	0 	81960.5899 	0 	0.00245700894 	2.99779314e-06 	     0.001 	      1534 	      1392
521000 	72648.0806 	0 	-9410.29771 	81.208459 	0 	0 	0 	0 	81977.1723 	0 	0.00246439039 	3.00619102e-06 	0.0320048778 	      1534 	      1392
522000 	72648.0806 	0 	-9426.87092 	81.2084594 	0 	0 	0 	0 	81993.7455 	0 	0.00248190902 	3.02694919e-06 	0.0297779989 	      1534 	      1392
523000 	72648.0806 	0 	-9443.43425 	81.20846 	0 	0 	0 	0 	82010.3089 	0 	0.00248534716 	3.03053017e-06 	0.0269053971 	      1534 	      1392
524000 	72648.0806 	0 	-9459.98894 	81.208461 	0 	0 	0 	0 	82026.8636 	0 	0.00248946535 	3.03493909e-06 	0.0240311556 	      1534 	      1392
525000 	72648.0806 	0 	-9476.53649 	81.2084616 	0 	0 	0 	0 	82043.4111 	0 	0.00249925675 	3.04626138e-06 	0.0211551933 	      1534 	      1392
526000 	72648.0806 	0 	-9493.0759 	81.2084624 	0 	0 	0 	0 	82059.9505 	0 	0.00250349322 	3.05081005e-06 	0.0182772034 	      1534 	      1392
527000 	72648.0806 	0 	-9509.59351 	81.2084626 	0 	0 	0 	0 	82076.4681 	0 	0.00250777051 	3.05540743e-06 	0.0153964972 	      1534 	      1392
528000 	72648.0806 	0 	-9526.04473 	81.2084629 	0 	0 	0 	0 	82092.9194 	0 	0.00251425234 	3.06269086e-06 	0.0125147485 	      1534 	      1392
529000 	72648.0806 	0 	-9542.40954 	81.208463 	0 	0 	0 	0 	82109.2842 	0 	0.00252726278 	3.07792573e-06 	0.00963310548 	      1534 	      1392
530000 	72648.0806 	0 	-9558.69546 	81.208463 	0 	0 	0 	0 	82125.5701 	0 	0.00253125645 	3.08217824e-06 	0.00674989843 	      1534 	      1392
531000 	72648.0806 	0 	-9574.5651 	81.208463 	0 	0 	0 	0 	82141.4398 	0 	0.00253603424 	3.08739931e-06 	0.00382287416 	      1534 	      1392
532000 	72648.0806 	0 	-9589.92847 	81.208463 	0 	0 	0 	0 	82156.8031 	0 	0.00254016164 	3.09184577e-06 	     0.001 	      1534 	      1392
533000 	72648.0806 	0 	-9605.01475 	81.208463 	0 	0 	0 	0 	82171.8894 	0 	0.00254726711 	3.0999252e-06 	0.0331739247 	      1534 	      1392
534000 	72648.0806 	0 	-9619.97163 	81.208463 	0 	0 	0 	0 	82186.8463 	0 	0.00255882318 	3.11342179e-06 	0.03034578 	      1534 	      1392
535000 	72648.0806 	0 	-9634.889 	81.208463 	0 	0 	0 	0 	82201.7637 	0 	0.00256705777 	3.12287433e-06 	0.0274555306 	      1534 	      1392
536000 	72648.0806 	0 	-9649.79628 	81.208463 	0 	0 	0 	0 	82216.671 	0 	0.00257762344 	3.1351591e-06 	0.0245625591 	      1534 	      1392
537000 	72648.0806 	0 	-9664.68596 	81.208463 	0 	0 	0 	0 	82231.5607 	0 	0.00258469339 	3.14318902e-06 	0.0216675118 	      1534 	      1392
538000 	72648.0806 	0 	-9679.57332 	81.2084631 	0 	0 	0 	0 	82246.448 	0 	0.00259425695 	3.15424801e-06 	0.01877165 	      1534 	      1392
539000 	72648.0806 	0 	-9694.48182 	81.2084631 	0 	0 	0 	0 	82261.3566 	0 	0.00259984356 	3.16046765e-06 	0.0158737599 	      1534 	      1392
540000 	72648.0806 	0 	-9709.43388 	81.2084631 	0 	0 	0 	0 	82276.3086 	0 	0.00260611554 	3.16751636e-06 	0.0129737381 	      1534 	      1392
541000 	72648.0806 	0 	-9724.45314 	81.2084631 	0 	0 	0 	0 	82291.3279 	0 	0.0026112209 	3.17314226e-06 	0.0100718481 	      1534 	      1392
542000 	72648.0806 	0 	-9739.55808 	81.2084631 	0 	0 	0 	0 	82306.4328 	0 	0.00261777268 	3.18052015e-06 	0.00716817251 	      1534 	      1392
543000 	72648.0806 	0 	-9754.73889 	81.2084631 	0 	0 	0 	0 	82321.6136 	0 	0.00262443753 	3.18802975e-06 	0.0042624739 	      1534 	      1392
544000 	72648.0806 	0 	-9769.94894 	81.2084631 	0 	0 	0 	0 	82336.8237 	0 	0.00263796972 	3.20387599e-06 	0.00135561801 	      1534 	      1392
545000 	72648.0806 	0 	-9785.16378 	81.2084631 	0 	0 	0 	0 	82352.0386 	0 	0.00264601913 	3.21305844e-06 	0.033643733 	      1534 	      1392
546000 	72648.0806 	0 	-9800.37764 	81.2084631 	0 	0 	0 	0 	82367.2524 	0 	0.00265693243 	3.22571453e-06 	0.0307355721 	      1534 	      1392
547000 	72648.0806 	0 	-9815.59128 	81.2084631 	0 	0 	0 	0 	82382.4661 	0 	0.0026616424 	3.23083603e-06 	0.0278257256 	      1534 	      1392
548000 	72648.0806 	0 	-9830.79364 	81.2084631 	0 	0 	0 	0 	82397.6684 	0 	0.00266745628 	3.23729583e-06 	0.0249142286 	      1534 	      1392
549000 	72648.0806 	0 	-9845.97866 	81.2084631 	0 	0 	0 	0 	82412.8535 	0 	0.00268397293 	3.25674068e-06 	0.0220010198 	      1534 	      1392
550000 	72648.0806 	0 	-9861.14669 	81.2084631 	0 	0 	0 	0 	82428.0215 	0 	0.00268922423 	3.26251217e-06 	0.0190860763 	      1534 	      1392
551000 	72648.0806 	0 	-9876.27891 	81.2084631 	0 	0 	0 	0 	82443.1537 	0 	0.00269679513 	3.27109651e-06 	0.0161674803 	      1534 	      1392
552000 	72648.0806 	0 	-9891.38063 	81.2084631 	0 	0 	0 	0 	82458.2555 	0 	0.00270306453 	3.27810055e-06 	0.0132499289 	      1534 	      1392
553000 	72648.0806 	0 	-9906.53027 	81.2084631 	0 	0 	0 	0 	82473.4051 	0 	0.00270559122 	3.28056204e-06 	0.0103339106 	      1534 	      1392
554000 	72648.0806 	0 	-9921.63447 	81.2084631 	0 	0 	0 	0 	82488.5093 	0 	0.00271707331 	3.29388097e-06 	0.00740887341 	      1534 	      1392
555000 	72648.0806 	0 	-9936.71682 	81.2084631 	0 	0 	0 	0 	82503.5917 	0 	0.00272892632 	3.30764548e-06 	0.0044831211 	      1534 	      1392
556000 	72648.0806 	0 	-9951.83352 	81.2084631 	0 	0 	0 	0 	82518.7084 	0 	0.00273584797 	3.31542752e-06 	0.00156054203 	      1534 	      1392
557000 	72648.0806 	0 	-9966.91348 	81.2084631 	0 	0 	0 	0 	82533.7884 	0 	0.0027420058 	3.32228274e-06 	0.0338446309 	      1534 	      1392
558000 	72648.0806 	0 	-9982.04576 	81.2084632 	0 	0 	0 	0 	82548.9206 	0 	0.00274941171 	3.33064526e-06 	0.0309224743 	      1534 	      1392
559000 	72648.0806 	0 	-9997.11978 	81.2084632 	0 	0 	0 	0 	82563.9947 	0 	0.00275537613 	3.33726117e-06 	0.0279895143 	      1534 	      1392
560000 	72648.0806 	0 	-10012.1899 	81.2084632 	0 	0 	0 	0 	82579.0648 	0 	0.002763993 	3.34708683e-06 	0.0250572092 	      1534 	      1392
561000 	72648.0806 	0 	-10027.2837 	81.2084632 	0 	0 	0 	0 	82594.1586 	0 	0.00277604687 	3.36106925e-06 	0.0221261438 	      1534 	      1392
562000 	72648.0806 	0 	-10042.3585 	81.2084632 	0 	0 	0 	0 	82609.2334 	0 	0.00278619325 	3.37273829e-06 	0.0191930338 	      1534 	      1392
563000 	72648.0806 	0 	-10057.4135 	81.2084632 	0 	0 	0 	0 	82624.2884 	0 	0.0027919401 	3.37907915e-06 	0.0162574947 	      1534 	      1392
564000 	72648.0806 	0 	-10072.4552 	81.2084632 	0 	0 	0 	0 	82639.3301 	0 	0.00279979818 	3.38797299e-06 	0.0133202495 	      1534 	      1392
565000 	72648.0806 	0 	-10087.4856 	81.2084632 	0 	0 	0 	0 	82654.3606 	0 	0.00281218313 	3.40234091e-06 	0.0103813375 	      1534 	      1392
566000 	72648.0806 	0 	-10102.5074 	81.2084632 	0 	0 	0 	0 	82669.3824 	0 	0.00282053481 	3.41182518e-06 	0.00744091091 	      1534 	      1392
567000 	72648.0806 	0 	-10117.5728 	81.2084632 	0 	0 	0 	0 	82684.4478 	0 	0.00282564812 	3.41738766e-06 	0.0045027259 	      1534 	      1392
568000 	72648.0806 	0 	-10132.6694 	81.2084632 	0 	0 	0 	0 	82699.5443 	0 	0.0028296185 	3.42156481e-06 	0.0015586128 	      1534 	      1392
569000 	72648.0806 	0 	-10147.7792 	81.2084632 	0 	0 	0 	0 	82714.6542 	0 	0.00283903426 	3.4323232e-06 	0.0338388635 	      1534 	      1392
570000 	72648.0806 	0 	-10162.9322 	81.2084632 	0 	0 	0 	0 	82729.8071 	0 	0.00284237608 	3.43573396e-06 	0.0308941581 	      1534 	      1392
571000 	72648.0806 	0 	-10178.1142 	81.2084632 	0 	0 	0 	0 	82744.9892 	0 	0.00285245835 	3.44728832e-06 	0.0279445244 	      1534 	      1392
572000 	72648.0806 	0 	-10193.3145 	81.2084632 	0 	0 	0 	0 	82760.1895 	0 	0.00286144351 	3.45751204e-06 	0.0249963356 	      1534 	      1392
573000 	72648.0806 	0 	-10208.5715 	81.2084634 	0 	0 	0 	0 	82775.4465 	0 	0.00286757409 	3.46428103e-06 	0.0220467513 	      1534 	      1392
574000 	72648.0806 	0 	-10224.0731 	81.2084636 	0 	0 	0 	0 	82790.9481 	0 	0.00288080018 	3.47960767e-06 	0.019126792 	      1534 	      1392
575000 	72648.0806 	0 	-10240.0587 	81.208464 	0 	0 	0 	0 	82806.9337 	0 	0.00288478426 	3.48374723e-06 	0.0161819881 	      1534 	      1392
576000 	72648.0806 	0 	-10256.2289 	81.2084642 	0 	0 	0 	0 	82823.1039 	0 	0.0028868706 	3.4855861e-06 	0.0132193833 	      1534 	      1392
577000 	72648.0806 	0 	-10272.4372 	81.2084644 	0 	0 	0 	0 	82839.3123 	0 	0.00290576438 	3.50771186e-06 	0.0102562361 	      1534 	      1392
578000 	72648.0806 	0 	-10288.661 	81.2084645 	0 	0 	0 	0 	82855.536 	0 	0.00291215988 	3.51474387e-06 	0.00729612308 	      1534 	      1392
579000 	72648.0806 	0 	-10304.887 	81.2084648 	0 	0 	0 	0 	82871.7621 	0 	0.00291392091 	3.5161807e-06 	0.00433483627 	      1534 	      1392
580000 	72648.0806 	0 	-10321.1088 	81.2084654 	0 	0 	0 	0 	82887.9839 	0 	0.00291929663 	3.52197809e-06 	0.0013719761 	      1534 	      1392
581000 	72648.0806 	0 	-10337.3223 	81.2084656 	0 	0 	0 	0 	82904.1974 	0 	0.00292195112 	3.52449117e-06 	0.0336517694 	      1534 	      1392
582000 	72648.0806 	0 	-10353.5273 	81.2084663 	0 	0 	0 	0 	82920.4024 	0 	0.00292540797 	3.52797127e-06 	0.0306869434 	      1534 	      1392
583000 	72648.0806 	0 	-10369.7238 	81.2084667 	0 	0 	0 	0 	82936.5988 	0 	0.00293001304 	3.53283482e-06 	0.0277203975 	      1534 	      1392
584000 	72648.0806 	0 	-10385.912 	81.2084672 	0 	0 	0 	0 	82952.7871 	0 	0.00293157698 	3.53403072e-06 	0.0247522019 	      1534 	      1392
585000 	72648.0806 	0 	-10402.0929 	81.2084673 	0 	0 	0 	0 	82968.968 	0 	0.00293487332 	3.53731448e-06 	0.0217823165 	      1534 	      1392
586000 	72648.0806 	0 	-10418.2672 	81.2084675 	0 	0 	0 	0 	82985.1423 	0 	0.00293880992 	3.54136878e-06 	0.0188107503 	      1534 	      1392
587000 	72648.0806 	0 	-10434.4356 	81.2084677 	0 	0 	0 	0 	83001.3107 	0 	0.00294377102 	3.54665606e-06 	0.0158375016 	      1534 	      1392
588000 	72648.0806 	0 	-10450.5987 	81.2084679 	0 	0 	0 	0 	83017.4738 	0 	0.00294566578 	3.54824791e-06 	0.0128625596 	      1534 	      1392
589000 	72648.0806 	0 	-10466.7556 	81.2084679 	0 	0 	0 	0 	83033.6307 	0 	0.00294996231 	3.55273192e-06 	0.0098856996 	      1534 	      1392
590000 	72648.0806 	0 	-10482.8993 	81.2084679 	0 	0 	0 	0 	83049.7744 	0 	0.00295079655 	3.55304584e-06 	0.00690727902 	      1534 	      1392
591000 	72648.0806 	0 	-10499.0287 	81.2084681 	0 	0 	0 	0 	83065.9038 	0 	0.00295522404 	3.55768602e-06 	0.00392758287 	      1534 	      1392
592000 	72648.0806 	0 	-10515.1491 	81.2084683 	0 	0 	0 	0 	83082.0242 	0 	0.00295764375 	3.55990815e-06 	     0.001 	      1534 	      1392
593000 	72648.0806 	0 	-10531.263 	81.2084684 	0 	0 	0 	0 	83098.1381 	0 	0.00296819022 	3.57190942e-06 	0.033169399 	      1534 	      1392
594000 	72648.0806 	0 	-10547.3719 	81.2084684 	0 	0 	0 	0 	83114.247 	0 	0.00297646663 	3.58117499e-06 	0.0302395797 	      1534 	      1392
595000 	72648.0806 	0 	-10563.4766 	81.2084685 	0 	0 	0 	0 	83130.3517 	0 	0.00297891136 	3.58342206e-06 	0.0272541549 	      1534 	      1392
596000 	72648.0806 	0 	-10579.5777 	81.2084688 	0 	0 	0 	0 	83146.4528 	0 	0.00298190606 	3.58632985e-06 	0.0242670316 	      1534 	      1392
597000 	72648.0806 	0 	-10595.6755 	81.2084689 	0 	0 	0 	0 	83162.5507 	0 	0.00299247562 	3.59834517e-06 	0.0212782106 	      1534 	      1392
598000 	72648.0806 	0 	-10611.7702 	81.2084689 	0 	0 	0 	0 	83178.6453 	0 	0.00299743803 	3.60361487e-06 	0.0182877034 	      1534 	      1392
599000 	72648.0806 	0 	-10627.8617 	81.208469 	0 	0 	0 	0 	83194.7368 	0 	0.00299902042 	3.60481989e-06 	0.0152955065 	      1534 	      1392
600000 	72648.0806 	0 	-10643.9503 	81.208469 	0 	0 	0 	0 	83210.8254 	0 	0.00300994331 	3.61724967e-06 	0.0123016245 	      1534 	      1392
601000 	72648.0806 	0 	-10660.0368 	81.2084691 	0 	0 	0 	0 	83226.912 	0 	0.00301213442 	3.6191832e-06 	0.00930610485 	      1534 	      1392
602000 	72648.0806 	0 	-10676.1216 	81.2084694 	0 	0 	0 	0 	83242.9967 	0 	0.00301519744 	3.62216349e-06 	0.00630882906 	      1534 	      1392
603000 	72648.0806 	0 	-10692.2042 	81.2084694 	0 	0 	0 	0 	83259.0793 	0 	0.00301951823 	3.6266534e-06 	0.00330987514 	      1534 	      1392
604000.001 	72648.0806 	0 	-10708.2845 	81.2084695 	0 	0 	0 	0 	83275.1597 	0 	0.0030231721 	3.63034081e-06 	     0.001 	      1534 	      1392

# Run Time of the simulation= 57624.773 sec
