#  Time[s]  	               7 	              20 	              33 	              46 	              59 	        d50_[mm] 	        d85_[mm] 	        d90_[mm] 	      dMean_[mm] 	active_layer_thickness_[m] 	
110000 	            36.4 	            20.6 	            11.8 	              16 	            15.2 	       15.582524 	       46.171053 	       50.447368 	           26.89 	           0.177
111000 	            36.4 	            20.6 	            11.8 	              16 	            15.2 	       15.582524 	       46.171053 	       50.447368 	           26.89 	           0.177
112000 	            36.4 	            20.6 	            11.8 	              16 	            15.2 	       15.582524 	       46.171053 	       50.447368 	           26.89 	           0.177
113000 	            36.4 	            20.6 	            11.8 	              16 	            15.2 	       15.582524 	       46.171053 	       50.447368 	           26.89 	           0.177
114000 	            36.4 	            20.6 	            11.8 	              16 	            15.2 	       15.582524 	       46.171053 	       50.447368 	           26.89 	           0.177
115000 	            36.4 	            20.6 	            11.8 	              16 	            15.2 	       15.582524 	       46.171053 	       50.447368 	           26.89 	           0.177
116000 	            36.4 	            20.6 	            11.8 	              16 	            15.2 	       15.582524 	       46.171053 	       50.447368 	           26.89 	           0.177
117000 	       36.401619 	       20.599476 	         11.7997 	       15.999593 	       15.199613 	       15.581721 	       46.170726 	       50.447151 	       26.889494 	           0.177
118000 	       36.401619 	       20.599476 	         11.7997 	       15.999593 	       15.199613 	       15.581721 	       46.170726 	       50.447151 	       26.889494 	           0.177
119000 	       36.401619 	       20.599476 	         11.7997 	       15.999593 	       15.199613 	       15.581721 	       46.170726 	       50.447151 	       26.889494 	           0.177
120000 	       36.401619 	       20.599476 	         11.7997 	       15.999593 	       15.199613 	       15.581721 	       46.170726 	       50.447151 	       26.889494 	           0.177
121000 	       36.401619 	       20.599476 	         11.7997 	       15.999593 	       15.199613 	       15.581721 	       46.170726 	       50.447151 	       26.889494 	           0.177
122000 	       36.401619 	       20.599476 	         11.7997 	       15.999593 	       15.199613 	       15.581721 	       46.170726 	       50.447151 	       26.889494 	           0.177
123000 	       36.401619 	       20.599476 	         11.7997 	       15.999593 	       15.199613 	       15.581721 	       46.170726 	       50.447151 	       26.889494 	           0.177
124000 	       36.401619 	       20.599476 	         11.7997 	       15.999593 	       15.199613 	       15.581721 	       46.170726 	       50.447151 	       26.889494 	           0.177
125000 	       36.401619 	       20.599476 	         11.7997 	       15.999593 	       15.199613 	       15.581721 	       46.170726 	       50.447151 	       26.889494 	           0.177
126000 	       36.401619 	       20.599476 	         11.7997 	       15.999593 	       15.199613 	       15.581721 	       46.170726 	       50.447151 	       26.889494 	           0.177
127000 	       36.401619 	       20.599476 	         11.7997 	       15.999593 	       15.199613 	       15.581721 	       46.170726 	       50.447151 	       26.889494 	           0.177
128000 	       36.401619 	       20.599476 	         11.7997 	       15.999593 	       15.199613 	       15.581721 	       46.170726 	       50.447151 	       26.889494 	           0.177
129000 	       36.401619 	       20.599476 	         11.7997 	       15.999593 	       15.199613 	       15.581721 	       46.170726 	       50.447151 	       26.889494 	           0.177
130000 	       36.401619 	       20.599476 	         11.7997 	       15.999593 	       15.199613 	       15.581721 	       46.170726 	       50.447151 	       26.889494 	           0.177
131000 	       36.401619 	       20.599476 	         11.7997 	       15.999593 	       15.199613 	       15.581721 	       46.170726 	       50.447151 	       26.889494 	           0.177
132000 	       36.401619 	       20.599476 	         11.7997 	       15.999593 	       15.199613 	       15.581721 	       46.170726 	       50.447151 	       26.889494 	           0.177
133000 	       36.412098 	       20.596081 	       11.797755 	       15.996956 	       15.197109 	       15.576521 	       46.168612 	       50.445741 	       26.886216 	           0.177
134000 	       36.510293 	       20.564276 	       11.779537 	       15.972253 	       15.173641 	        15.52771 	       46.148766 	       50.432511 	       26.855507 	           0.177
135000 	        36.78667 	       20.474758 	       11.728259 	       15.902725 	       15.107588 	       15.389515 	       46.092579 	       50.395053 	       26.769075 	           0.177
136000 	       37.656072 	       20.260996 	       11.548339 	       15.658765 	       14.875827 	       14.920196 	       45.896911 	        50.26099 	       26.478846 	           0.177
137000 	       39.642631 	       20.176721 	       11.028187 	        14.94998 	       14.202481 	       13.673324 	       45.306504 	        49.84667 	       25.706085 	           0.177
138000 	       41.991244 	       20.139908 	       10.404325 	        14.08437 	       13.380152 	       12.169528 	       44.504866 	       49.284116 	       24.773896 	           0.177
139000 	       43.860823 	       19.966044 	       9.9411715 	       13.452288 	       12.779673 	       10.997252 	       43.854324 	       48.827596 	       24.072113 	           0.177
140000 	       45.207428 	       19.814528 	       9.6135926 	       13.007411 	       12.357041 	       10.144331 	       43.358546 	       48.479682 	       23.573974 	           0.177
141000 	        48.11967 	       19.918789 	       8.9043433 	       11.831583 	       11.225615 	       8.2271974 	       41.852879 	       47.419343 	       22.356209 	           0.177
142000 	       52.441712 	       20.079279 	        7.939096 	       10.080108 	       9.4598049 	               7 	       38.854984 	       45.303327 	       20.524812 	           0.177
143000 	       56.964476 	        19.97718 	       6.9390614 	       8.3960205 	       7.7232625 	               7 	       34.733045 	       42.474808 	       18.691734 	           0.177
144000 	       62.188818 	       19.552764 	       5.8398783 	       6.5645987 	       5.8539412 	               7 	       27.253479 	       37.789481 	       16.664471 	           0.177
145000 	       67.237955 	       18.688925 	       4.7662933 	       5.0026488 	       4.3041779 	               7 	       19.355263 	       31.109379 	       14.858002 	           0.177
146000 	       71.882753 	       17.420024 	       3.8218271 	       3.7623156 	       3.1130801 	               7 	       16.788977 	       22.371614 	       13.344383 	           0.177
147000 	       75.996259 	       15.857244 	       3.0738302 	       2.8275042 	       2.2451631 	               7 	       14.381399 	       18.480472 	       12.130849 	           0.177
148000 	       79.445399 	       14.284413 	       2.4944897 	       2.1433132 	       1.6323844 	               7 	       12.055147 	       16.605561 	       11.190273 	           0.177
149000 	        79.95911 	       14.556733 	       2.2945606 	        1.842847 	       1.3467498 	               7 	       11.501805 	       15.967093 	       10.907981 	           0.177
150000 	       79.694448 	       15.346844 	       2.1801933 	       1.6342041 	       1.1443104 	               7 	       11.494225 	       15.729624 	       10.794321 	           0.177
151000 	       79.157879 	       16.312802 	       2.0883941 	       1.4608769 	      0.98004848 	               7 	       11.655704 	       15.640305 	       10.743014 	           0.177
152000 	       78.329343 	       17.471175 	       2.0221123 	       1.3241018 	      0.85326849 	               7 	       11.963521 	       15.683935 	       10.757101 	           0.177
153000 	       77.285504 	       18.774449 	       1.9723963 	       1.2138799 	      0.75377006 	               7 	       12.341752 	       15.803904 	       10.818875 	           0.177
154000 	       76.116524 	       20.163694 	       1.9288997 	        1.119569 	      0.67131313 	               7 	       12.727382 	       15.950998 	       10.908509 	           0.177
155000 	       74.862487 	       21.611615 	        1.887802 	       1.0367764 	      0.60131951 	               7 	       13.098002 	       16.105644 	       11.017367 	           0.177
156000 	        73.53715 	       23.093735 	       1.8536158 	      0.96956319 	       0.5459363 	               7 	       13.452705 	       16.267321 	       11.146142 	           0.177
157000 	       72.219088 	       24.553961 	        1.818647 	      0.90972524 	      0.49857808 	               7 	       13.766804 	       16.414035 	       11.278917 	           0.177
158000 	       71.009372 	       25.825941 	        1.807624 	      0.87942377 	      0.47763983 	               7 	       14.042461 	        16.55931 	       11.418703 	           0.177
159000 	       70.079591 	       26.802273 	       1.8142337 	      0.85086118 	      0.45304124 	               7 	       14.236898 	       16.662066 	       11.523414 	           0.177
160000 	       69.157723 	       27.770014 	       1.8194545 	      0.82317279 	      0.42963608 	               7 	       14.416259 	       16.756913 	       11.627608 	           0.177
161000 	       68.263271 	       28.718298 	       1.8195753 	      0.79338726 	      0.40546837 	               7 	       14.576266 	       16.839632 	       11.726733 	           0.177
162000 	       67.388109 	       29.644962 	       1.8183247 	      0.76515206 	      0.38345219 	               7 	       14.723221 	       16.915836 	       11.824414 	           0.177
163000 	        66.54618 	       30.534667 	       1.8161559 	      0.73899417 	      0.36400351 	               7 	       14.856633 	       16.985361 	       11.919197 	           0.177
164000 	       65.761143 	       31.364976 	       1.8122299 	      0.71461151 	      0.34703888 	               7 	       14.974026 	       17.046401 	       12.007785 	           0.177
165000 	       65.041935 	       32.127527 	       1.8063197 	      0.69186432 	      0.33235352 	               7 	        15.07578 	       17.098967 	       12.088873 	           0.177
166000 	       64.306773 	        32.91052 	       1.7977496 	       0.6679758 	      0.31698131 	               7 	       15.174041 	       17.149094 	       12.171123 	           0.177
167000 	       63.583693 	       33.694837 	       1.7823588 	      0.64029904 	       0.2988128 	               7 	        15.26275 	       17.191828 	       12.248841 	           0.177
168000 	       62.917391 	       34.429476 	       1.7616589 	      0.61125947 	      0.28021419 	               7 	       15.338027 	       17.225945 	       12.317966 	           0.177
169000 	       62.289687 	       35.123344 	       1.7399108 	      0.58376157 	      0.26329635 	               7 	       15.405637 	       17.256258 	       12.382993 	           0.177
170000 	       61.707613 	       35.771734 	        1.716064 	      0.55710802 	      0.24748118 	               7 	       15.464813 	        17.28189 	       12.442464 	           0.177
171000 	       61.209047 	       36.350257 	       1.6830526 	      0.52748965 	      0.23015279 	               7 	       15.508396 	       17.296554 	       12.488528 	           0.177
172000 	       60.762233 	       36.881927 	       1.6454244 	      0.49742556 	      0.21299024 	               7 	       15.543235 	       17.305616 	       12.527212 	           0.177
173000 	       61.102429 	        36.57496 	       1.6439999 	      0.47821741 	      0.20039424 	               7 	        15.49402 	       17.271192 	       12.472895 	           0.177
174000 	       61.790317 	       35.890432 	       1.6644194 	       0.4647487 	      0.19008219 	               7 	       15.406861 	       17.217929 	         12.3786 	           0.177
175000 	       62.395894 	       35.295014 	       1.6807409 	      0.44937227 	      0.17897877 	               7 	       15.325634 	       17.167254 	       12.293669 	           0.177
176000 	       62.935611 	       34.769247 	       1.6944526 	      0.43299989 	      0.16768956 	               7 	       15.249735 	       17.119203 	       12.216628 	           0.177
177000 	       63.428987 	       34.277149 	       1.7159966 	       0.4196583 	      0.15820827 	               7 	       15.181053 	        17.07736 	       12.148124 	           0.177
178000 	       63.875398 	       33.821409 	       1.7443883 	      0.40869329 	      0.15011147 	               7 	       15.119704 	       17.041564 	       12.087773 	           0.177
179000 	       64.276944 	       33.402108 	       1.7784805 	      0.39945341 	       0.1430139 	               7 	       15.065351 	       17.011336 	       12.034833 	           0.177
180000 	       64.640341 	       33.013248 	       1.8178979 	      0.39171822 	      0.13679522 	               7 	       15.017253 	        16.98616 	       11.988279 	           0.177
181000 	       64.964786 	       32.663364 	       1.8577341 	      0.38358869 	      0.13052732 	               7 	       14.974004 	       16.964001 	       11.946722 	           0.177
182000 	         65.2618 	       32.334219 	       1.9024392 	      0.37660992 	      0.12493219 	               7 	        14.93576 	       16.946014 	       11.909925 	           0.177
183000 	       65.523996 	       32.038181 	       1.9487303 	      0.36962527 	       0.1194679 	               7 	       14.902698 	       16.931527 	       11.877911 	           0.177
184000 	       65.698915 	       31.841279 	         1.98715 	      0.35971647 	      0.11293945 	               7 	       14.880152 	       16.921527 	       11.855043 	           0.177
185000 	       65.735056 	       31.797376 	       2.0151376 	      0.34687761 	      0.10555309 	               7 	       14.876256 	        16.92045 	       11.847765 	           0.177
186000 	       65.630092 	       31.907107 	       2.0336508 	      0.33160389 	     0.097545973 	               7 	       14.891935 	       16.929098 	       11.856723 	           0.177
187000 	       65.278423 	       32.284924 	       2.0358591 	       0.3123261 	     0.088467053 	               7 	       14.941183 	       16.954507 	       11.894174 	           0.177
188000 	       64.817413 	       32.777529 	       2.0332407 	      0.29227397 	     0.079543453 	               7 	        15.00468 	       16.987746 	       11.945071 	           0.177
189000 	       64.518548 	       33.083723 	       2.0486176 	      0.27664989 	     0.072461303 	               7 	       15.048032 	       17.012745 	       11.979098 	           0.177
190000 	       64.302008 	       33.290099 	       2.0772611 	      0.26402113 	     0.066610702 	               7 	         15.0827 	       17.035233 	       12.005407 	           0.177
191000 	       63.632114 	       33.986397 	       2.0762963 	      0.24580108 	     0.059391809 	               7 	       15.173344 	       17.085874 	       12.084815 	           0.177
192000 	       62.359134 	       35.328564 	       2.0387603 	      0.22248487 	     0.051056826 	               7 	       15.331255 	       17.171126 	        12.23611 	           0.177
193000 	         60.5763 	        37.18925 	       1.9924406 	      0.19894771 	     0.043061217 	               7 	       15.537631 	       17.285448 	       12.452619 	           0.177
194000 	       58.417685 	       39.418642 	       1.9504178 	       0.1772284 	     0.036027327 	               7 	       15.766667 	       17.415633 	       12.719385 	           0.177
195000 	       55.924496 	       41.975719 	       1.9128126 	       0.1571899 	     0.029782465 	               7 	       16.004767 	       17.553281 	       13.030966 	           0.177
196000 	       53.449114 	       44.511967 	       1.8759511 	       0.1385459 	     0.024421878 	               7 	       16.214635 	       17.674916 	       13.341035 	           0.177
197000 	        51.71148 	       46.259168 	       1.8878118 	      0.12170939 	     0.019830686 	               7 	       16.354919 	       17.760046 	       13.562302 	           0.177
198000 	       50.110026 	       47.541348 	       2.2257847 	      0.10674944 	     0.016091823 	               7 	        16.54053 	       17.907761 	       13.809079 	           0.177
199000 	       48.683755 	       48.343041 	       2.8651866 	     0.094801936 	     0.013215284 	       7.3539534 	       16.765856 	       18.110414 	       14.073389 	           0.177
200000 	       47.409984 	       48.558622 	       3.8905479 	      0.12987166 	     0.010974545 	       7.6933929 	       17.063511 	       18.402099 	        14.38052 	           0.177
201000 	       46.284807 	       48.363991 	       5.0758603 	      0.26617317 	     0.009168481 	       7.9986253 	       17.406451 	       18.750426 	       14.715618 	           0.177
202000 	       45.559864 	       48.029843 	       6.0419084 	       0.3606156 	    0.0077684307 	       8.2017896 	       17.675066 	       19.028392 	       14.959455 	           0.177
203000 	        45.28228 	       47.687226 	       6.6676007 	      0.35615154 	    0.0067427005 	       8.2860963 	       17.827436 	       19.190484 	       15.075321 	           0.177
204000 	       45.990884 	       46.801915 	       6.8683799 	      0.33273135 	    0.0060895756 	       8.1135978 	       17.835422 	       19.224254 	        15.00296 	           0.177
205000 	       45.936141 	       46.544713 	       7.1968535 	      0.31678616 	    0.0055064382 	       8.1350413 	       17.910588 	       19.307094 	       15.048405 	           0.177
206000 	       45.439322 	       46.610875 	       7.6374211 	      0.30732368 	     0.005058196 	       8.2719952 	       18.033666 	        19.42819 	        15.16763 	           0.177
207000 	       44.427692 	       46.978136 	       8.2846947 	       0.3046549 	     0.004822882 	       8.5419941 	       18.227351 	       19.610973 	       15.382502 	           0.177
208000 	       41.816674 	       48.471123 	       9.3929809 	       0.3145228 	    0.0046994928 	       9.1947756 	       18.581808 	       19.922813 	       15.868529 	           0.177
209000 	       39.568068 	       49.521592 	       10.582536 	      0.32324937 	    0.0045546628 	       9.7385047 	       18.926416 	       21.118297 	       16.317702 	           0.177
210000 	       37.961786 	       50.031989 	       11.674789 	      0.32706973 	    0.0043666871 	       10.127935 	       19.222116 	       22.233953 	       16.669432 	           0.177
211000 	       36.166968 	         50.3572 	       13.134403 	      0.33716936 	    0.0042587296 	       10.571076 	       19.606527 	       23.440264 	       17.095092 	           0.177
212000 	       34.735983 	       49.874646 	       15.030674 	      0.35440913 	    0.0042884741 	       10.978619 	       20.336767 	       24.661257 	       17.532129 	           0.177
213000 	       33.111303 	       49.313303 	       17.197606 	      0.37351916 	    0.0042691885 	       11.452208 	        21.94679 	       25.726386 	       18.029999 	           0.177
214000 	       31.766421 	       48.453787 	       19.386797 	      0.38877387 	    0.0042219845 	       11.892012 	       23.205135 	       26.557932 	       18.493377 	           0.177
215000 	        30.75676 	       47.408685 	       21.432904 	      0.39753893 	    0.0041128651 	       12.276715 	       24.145459 	       27.178179 	       18.892863 	           0.177
216000 	       29.966847 	       46.370874 	       23.257156 	      0.40117459 	    0.0039477353 	       12.616262 	       24.841934 	       27.636773 	       19.233585 	           0.177
217000 	        29.39587 	       45.429158 	       24.771511 	      0.39968192 	    0.0037792692 	       12.896074 	       25.339789 	       27.963771 	       19.504224 	           0.177
218000 	       28.988177 	        44.58575 	       26.025139 	      0.39600106 	     0.004933506 	        13.12648 	       25.707518 	       28.205103 	       19.719689 	           0.177
219000 	       28.670337 	       43.823076 	       27.111911 	      0.38944105 	    0.0052355673 	       13.327388 	       25.996834 	       28.394305 	       19.900701 	           0.177
220000 	       28.409145 	       43.135733 	       28.069123 	      0.38105358 	    0.0049459417 	       13.506928 	       26.231637 	       28.547349 	         20.0568 	           0.177
221000 	       28.210979 	       42.493358 	       28.919089 	      0.37190605 	    0.0046672667 	       13.665919 	        26.42633 	        28.67398 	        20.19057 	           0.177
222000 	       28.137646 	       41.854592 	       29.640922 	      0.36241737 	    0.0044217847 	       13.790428 	       26.582147 	       28.775061 	       20.291379 	           0.177
223000 	       28.125734 	       41.253288 	       30.263894 	      0.35286982 	    0.0042148193 	       13.893159 	       26.710066 	        28.85784 	       20.371351 	           0.177
224000 	       28.328028 	       40.593421 	       30.731676 	       0.3427429 	    0.0041323165 	       13.940426 	       26.801489 	       28.916571 	       20.403199 	           0.177
225000 	       28.632156 	       39.951291 	        31.07935 	      0.33317121 	    0.0040322884 	       13.953016 	       26.866784 	       28.958205 	       20.406332 	           0.177
226000 	       28.913603 	       39.459277 	        31.29448 	      0.32869592 	    0.0039441954 	       13.946989 	       26.907051 	       28.984094 	       20.396513 	           0.177
227000 	       29.133965 	       39.023723 	       31.514051 	      0.32439942 	    0.0038617102 	       13.951117 	       26.947696 	       29.010268 	       20.395261 	           0.177
228000 	       29.335696 	        38.61017 	        31.73021 	      0.32013673 	    0.0037872603 	       13.957648 	        26.98715 	       29.035671 	       20.395999 	           0.177
229000 	       29.512574 	        38.22745 	       31.940262 	      0.31596987 	    0.0037432888 	       13.967154 	       27.024979 	       29.060028 	       20.399212 	           0.177
230000 	       29.678841 	       37.856143 	       32.149176 	      0.31197702 	     0.003863072 	       13.978394 	        27.06224 	       29.084065 	       20.403764 	           0.177
231000 	       29.842644 	       37.481057 	       32.364109 	      0.30808141 	     0.004109366 	       13.991415 	       27.100208 	       29.108605 	       20.409494 	           0.177
232000 	       29.989145 	       37.115831 	       32.586433 	      0.30422744 	    0.0043639379 	       14.008899 	       27.139024 	       29.133719 	       20.418448 	           0.177
233000 	       30.102024 	       36.774901 	       32.818019 	      0.30045968 	    0.0045964943 	       14.033974 	       27.178982 	       29.159602 	       20.432992 	           0.177
234000 	       30.189402 	       36.459209 	       33.050185 	      0.29658343 	    0.0046214769 	       14.063724 	       27.218358 	       29.185064 	       20.450816 	           0.177
235000 	       30.228672 	       36.171833 	        33.30215 	      0.29276377 	    0.0045810001 	        14.10573 	       27.260595 	       29.212421 	       20.477457 	           0.177
236000 	       30.224916 	       35.912483 	        33.56883 	      0.28913662 	    0.0046345471 	       14.158405 	       27.304807 	       29.241127 	       20.511692 	           0.177
237000 	       30.234744 	       35.661629 	       33.813778 	      0.28532807 	    0.0045210276 	       14.205176 	       27.344555 	       29.266848 	       20.541223 	           0.177
238000 	       30.218704 	       35.430362 	        34.06497 	      0.28156331 	    0.0044015116 	       14.258093 	       27.384775 	       29.292894 	       20.574938 	           0.177
239000 	       30.166815 	       35.222566 	        34.32847 	      0.27786609 	     0.004282392 	       14.320063 	       27.426432 	       29.319904 	       20.614931 	           0.177
240000 	       29.999131 	       35.079482 	       34.642722 	      0.27443682 	    0.0042287681 	       14.412062 	       27.475684 	        29.35198 	        20.67667 	           0.177
241000 	       29.736929 	        34.98953 	       34.997292 	      0.27163958 	    0.0046094639 	       14.528536 	       27.530755 	       29.388042 	       20.756271 	           0.177
242000 	       29.464579 	       34.912186 	       35.349509 	       0.2687646 	    0.0049613736 	       14.646627 	       27.584322 	       29.423103 	       20.836855 	           0.177
243000 	       29.074905 	       34.959573 	       35.684176 	       0.2717755 	    0.0095706439 	       14.781166 	       27.637889 	       29.459425 	         20.9336 	           0.177
244000 	       28.547132 	       35.349467 	       35.770685 	      0.30042454 	     0.032290645 	       14.889434 	       27.669526 	       29.486657 	       21.029766 	           0.177
245000 	       28.063847 	       35.708279 	       35.850611 	      0.32562799 	     0.051634091 	       14.986103 	       27.697563 	       29.510643 	        21.11708 	           0.177
246000 	       27.699961 	       35.979602 	       35.910372 	       0.3443894 	     0.065675825 	       15.057357 	       27.718263 	       29.528325 	       21.182508 	           0.177
247000 	       27.469351 	       36.147363 	       35.955495 	      0.35463036 	     0.073160986 	       15.102899 	         27.7313 	       29.539091 	       21.223935 	           0.177
248000 	       27.279713 	       36.273713 	       35.999596 	      0.36518274 	     0.081795494 	       15.142639 	       27.744683 	       29.550259 	       21.260433 	           0.177
249000 	       27.108569 	       36.384757 	       36.043483 	      0.37403505 	     0.089155946 	       15.178936 	        27.75693 	       29.560307 	       21.293559 	           0.177
250000 	       26.932706 	       36.505242 	       36.089798 	      0.37930268 	     0.092951533 	       15.214569 	       27.766923 	       29.567986 	       21.325292 	           0.177
251000 	       26.771013 	       36.616513 	       36.135957 	      0.38199653 	     0.094521113 	       15.247013 	       27.775141 	       29.573904 	       21.353625 	           0.177
252000 	       26.644442 	       36.695148 	       36.179897 	      0.38430618 	     0.096206615 	        15.27418 	       27.782922 	         29.5795 	       21.377049 	           0.177
253000 	        26.55077 	       36.753392 	       36.215054 	      0.38451097 	      0.09627267 	         15.2942 	       27.788084 	       29.582918 	       21.393876 	           0.177
254000 	       26.501696 	       36.788427 	         36.2293 	      0.38434548 	     0.096231236 	       15.303643 	       27.790059 	       29.584187 	       21.402049 	           0.177
255000 	       26.483726 	       36.807605 	       36.228396 	      0.38410314 	     0.096170559 	       15.305663 	       27.789821 	       29.583993 	        21.40418 	           0.177
256000 	       26.488925 	       36.813427 	       36.217612 	      0.38391271 	     0.096122879 	       15.302513 	       27.788184 	       29.582891 	       21.402035 	           0.177
257000 	       26.492487 	       36.816862 	       36.210709 	      0.38383809 	     0.096104196 	       15.300481 	       27.787157 	       29.582206 	       21.400647 	           0.177
258000 	       26.495608 	       36.819796 	       36.204732 	      0.38377473 	     0.096088334 	       15.298718 	       27.786268 	       29.581613 	       21.399442 	           0.177
259000 	       26.497757 	       36.821667 	       36.200766 	      0.38373269 	     0.096077807 	       15.297538 	       27.785678 	        29.58122 	       21.398632 	           0.177
260000 	       26.498844 	       36.822467 	       36.198903 	      0.38371294 	     0.096072863 	       15.296973 	         27.7854 	       29.581035 	       21.398241 	           0.177
261000 	        26.49898 	       36.822511 	       36.198725 	      0.38371106 	     0.096072392 	       15.296915 	       27.785374 	       29.581017 	         21.3982 	           0.177
262000 	       26.498982 	       36.822512 	       36.198723 	      0.38371103 	     0.096072385 	       15.296915 	       27.785374 	       29.581017 	       21.398199 	           0.177
263000 	       26.498982 	       36.822512 	       36.198723 	      0.38371103 	     0.096072384 	       15.296914 	       27.785374 	       29.581017 	       21.398199 	           0.177
264000 	       26.498982 	       36.822512 	       36.198722 	      0.38371103 	     0.096072384 	       15.296914 	       27.785374 	       29.581017 	       21.398199 	           0.177
265000 	       26.498983 	       36.822512 	       36.198722 	      0.38371103 	     0.096072383 	       15.296914 	       27.785374 	       29.581017 	       21.398199 	           0.177
266000 	       26.498983 	       36.822512 	       36.198722 	      0.38371102 	     0.096072382 	       15.296914 	       27.785373 	       29.581017 	       21.398199 	           0.177
267000 	       26.498983 	       36.822512 	       36.198722 	      0.38371102 	     0.096072382 	       15.296914 	       27.785373 	       29.581017 	       21.398199 	           0.177
268000 	       26.498984 	       36.822512 	       36.198721 	      0.38371102 	     0.096072381 	       15.296914 	       27.785373 	       29.581017 	       21.398199 	           0.177
269000 	       26.498984 	       36.822512 	       36.198721 	      0.38371102 	     0.096072381 	       15.296914 	       27.785373 	       29.581017 	       21.398199 	           0.177
270000 	       26.498984 	       36.822512 	       36.198721 	      0.38371102 	     0.096072381 	       15.296914 	       27.785373 	       29.581017 	       21.398199 	           0.177
271000 	       26.498984 	       36.822512 	       36.198721 	      0.38371102 	     0.096072381 	       15.296914 	       27.785373 	       29.581017 	       21.398199 	           0.177
272000 	       26.498984 	       36.822512 	       36.198721 	      0.38371102 	     0.096072381 	       15.296914 	       27.785373 	       29.581017 	       21.398199 	           0.177
273000 	       26.498984 	       36.822512 	       36.198721 	      0.38371102 	     0.096072381 	       15.296914 	       27.785373 	       29.581017 	       21.398199 	           0.177
274000 	       26.498984 	       36.822512 	       36.198721 	      0.38371102 	     0.096072381 	       15.296914 	       27.785373 	       29.581017 	       21.398199 	           0.177
275000 	       26.498984 	       36.822512 	       36.198721 	      0.38371102 	     0.096072381 	       15.296914 	       27.785373 	       29.581017 	       21.398199 	           0.177
276000 	       26.498984 	       36.822512 	       36.198721 	      0.38371102 	     0.096072381 	       15.296914 	       27.785373 	       29.581017 	       21.398199 	           0.177
277000 	       26.498984 	       36.822512 	       36.198721 	      0.38371102 	     0.096072381 	       15.296914 	       27.785373 	       29.581017 	       21.398199 	           0.177
278000 	       26.498984 	       36.822512 	       36.198721 	      0.38371102 	     0.096072381 	       15.296914 	       27.785373 	       29.581017 	       21.398199 	           0.177
279000 	       26.498984 	       36.822512 	       36.198721 	      0.38371102 	     0.096072381 	       15.296914 	       27.785373 	       29.581017 	       21.398199 	           0.177
280000 	       26.498984 	       36.822512 	       36.198721 	      0.38371102 	     0.096072381 	       15.296914 	       27.785373 	       29.581017 	       21.398199 	           0.177
281000 	       26.498984 	       36.822512 	       36.198721 	      0.38371102 	     0.096072381 	       15.296914 	       27.785373 	       29.581017 	       21.398199 	           0.177
282000 	       26.498984 	       36.822512 	       36.198721 	      0.38371102 	     0.096072381 	       15.296914 	       27.785373 	       29.581017 	       21.398199 	           0.177
283000 	       26.498984 	       36.822512 	       36.198721 	      0.38371102 	     0.096072381 	       15.296914 	       27.785373 	       29.581017 	       21.398199 	           0.177
284000 	       26.498984 	       36.822512 	       36.198721 	      0.38371102 	     0.096072381 	       15.296914 	       27.785373 	       29.581017 	       21.398199 	           0.177
285000 	       26.498984 	       36.822512 	       36.198721 	      0.38371102 	     0.096072381 	       15.296914 	       27.785373 	       29.581017 	       21.398199 	           0.177
286000 	       26.498984 	       36.822512 	       36.198721 	      0.38371102 	     0.096072381 	       15.296914 	       27.785373 	       29.581017 	       21.398199 	           0.177
287000 	       26.498984 	       36.822512 	       36.198721 	      0.38371102 	     0.096072381 	       15.296914 	       27.785373 	       29.581017 	       21.398199 	           0.177
288000 	       26.498984 	       36.822512 	       36.198721 	      0.38371102 	     0.096072381 	       15.296914 	       27.785373 	       29.581017 	       21.398199 	           0.177
289000 	       26.498984 	       36.822512 	       36.198721 	      0.38371102 	     0.096072381 	       15.296914 	       27.785373 	       29.581017 	       21.398199 	           0.177
290000 	       26.498984 	       36.822512 	       36.198721 	      0.38371102 	     0.096072381 	       15.296914 	       27.785373 	       29.581017 	       21.398199 	           0.177
291000 	       26.498984 	       36.822512 	       36.198721 	      0.38371102 	     0.096072381 	       15.296914 	       27.785373 	       29.581017 	       21.398199 	           0.177
292000 	       26.498984 	       36.822512 	       36.198721 	      0.38371102 	     0.096072381 	       15.296914 	       27.785373 	       29.581017 	       21.398199 	           0.177
293000 	       26.498984 	       36.822512 	       36.198721 	      0.38371102 	     0.096072381 	       15.296914 	       27.785373 	       29.581017 	       21.398199 	           0.177
294000 	       26.498984 	       36.822512 	       36.198721 	      0.38371102 	     0.096072381 	       15.296914 	       27.785373 	       29.581017 	       21.398199 	           0.177
295000 	       26.498984 	       36.822512 	       36.198721 	      0.38371102 	     0.096072381 	       15.296914 	       27.785373 	       29.581017 	       21.398199 	           0.177
296000 	       26.498984 	       36.822512 	       36.198721 	      0.38371102 	     0.096072381 	       15.296914 	       27.785373 	       29.581017 	       21.398199 	           0.177
297000 	       26.498984 	       36.822512 	       36.198721 	      0.38371102 	     0.096072381 	       15.296914 	       27.785373 	       29.581017 	       21.398199 	           0.177
298000 	       26.498984 	       36.822512 	       36.198721 	      0.38371102 	     0.096072381 	       15.296914 	       27.785373 	       29.581017 	       21.398199 	           0.177
299000 	       26.498984 	       36.822512 	       36.198721 	      0.38371102 	     0.096072381 	       15.296914 	       27.785373 	       29.581017 	       21.398199 	           0.177
300000 	       26.498984 	       36.822512 	       36.198721 	      0.38371102 	     0.096072381 	       15.296914 	       27.785373 	       29.581017 	       21.398199 	           0.177
301000 	       26.498984 	       36.822512 	       36.198721 	      0.38371102 	     0.096072381 	       15.296914 	       27.785373 	       29.581017 	       21.398199 	           0.177
302000 	       26.498984 	       36.822512 	       36.198721 	      0.38371102 	     0.096072381 	       15.296914 	       27.785373 	       29.581017 	       21.398199 	           0.177
303000 	       26.498984 	       36.822512 	       36.198721 	      0.38371102 	     0.096072381 	       15.296914 	       27.785373 	       29.581017 	       21.398199 	           0.177
304000 	       26.498984 	       36.822512 	       36.198721 	      0.38371102 	     0.096072381 	       15.296914 	       27.785373 	       29.581017 	       21.398199 	           0.177
305000 	       26.498984 	       36.822512 	       36.198721 	      0.38371102 	     0.096072381 	       15.296914 	       27.785373 	       29.581017 	       21.398199 	           0.177
306000 	       26.498984 	       36.822512 	       36.198721 	      0.38371102 	     0.096072381 	       15.296914 	       27.785373 	       29.581017 	       21.398199 	           0.177
307000 	       26.498984 	       36.822512 	       36.198721 	      0.38371102 	     0.096072381 	       15.296914 	       27.785373 	       29.581017 	       21.398199 	           0.177
308000 	       26.498984 	       36.822512 	       36.198721 	      0.38371102 	     0.096072381 	       15.296914 	       27.785373 	       29.581017 	       21.398199 	           0.177
309000 	       26.498984 	       36.822512 	       36.198721 	      0.38371102 	     0.096072381 	       15.296914 	       27.785373 	       29.581017 	       21.398199 	           0.177
310000 	       26.498984 	       36.822512 	       36.198721 	      0.38371102 	     0.096072381 	       15.296914 	       27.785373 	       29.581017 	       21.398199 	           0.177
311000 	       26.498984 	       36.822512 	       36.198721 	      0.38371102 	     0.096072381 	       15.296914 	       27.785373 	       29.581017 	       21.398199 	           0.177
312000 	       26.498984 	       36.822512 	       36.198721 	      0.38371102 	     0.096072381 	       15.296914 	       27.785373 	       29.581017 	       21.398199 	           0.177
313000 	       26.498984 	       36.822512 	       36.198721 	      0.38371102 	     0.096072381 	       15.296914 	       27.785373 	       29.581017 	       21.398199 	           0.177
314000 	       26.498984 	       36.822512 	       36.198721 	      0.38371102 	     0.096072381 	       15.296914 	       27.785373 	       29.581017 	       21.398199 	           0.177
315000 	       26.498984 	       36.822512 	       36.198721 	      0.38371102 	     0.096072381 	       15.296914 	       27.785373 	       29.581017 	       21.398199 	           0.177
316000 	       26.498984 	       36.822512 	       36.198721 	      0.38371102 	     0.096072381 	       15.296914 	       27.785373 	       29.581017 	       21.398199 	           0.177
317000 	       26.498984 	       36.822512 	       36.198721 	      0.38371102 	     0.096072381 	       15.296914 	       27.785373 	       29.581017 	       21.398199 	           0.177
318000 	       26.498984 	       36.822512 	       36.198721 	      0.38371102 	     0.096072381 	       15.296914 	       27.785373 	       29.581017 	       21.398199 	           0.177
319000 	       26.498984 	       36.822512 	       36.198721 	      0.38371102 	     0.096072381 	       15.296914 	       27.785373 	       29.581017 	       21.398199 	           0.177
320000 	       26.498984 	       36.822512 	       36.198721 	      0.38371102 	     0.096072381 	       15.296914 	       27.785373 	       29.581017 	       21.398199 	           0.177
321000 	       26.498984 	       36.822512 	       36.198721 	      0.38371102 	     0.096072381 	       15.296914 	       27.785373 	       29.581017 	       21.398199 	           0.177
322000 	       26.498984 	       36.822512 	       36.198721 	      0.38371102 	     0.096072381 	       15.296914 	       27.785373 	       29.581017 	       21.398199 	           0.177
323000 	       26.498984 	       36.822512 	       36.198721 	      0.38371102 	     0.096072381 	       15.296914 	       27.785373 	       29.581017 	       21.398199 	           0.177
324000 	       26.498984 	       36.822512 	       36.198721 	      0.38371102 	     0.096072381 	       15.296914 	       27.785373 	       29.581017 	       21.398199 	           0.177
325000 	       26.498984 	       36.822512 	       36.198721 	      0.38371102 	     0.096072381 	       15.296914 	       27.785373 	       29.581017 	       21.398199 	           0.177
326000 	       26.498984 	       36.822512 	       36.198721 	      0.38371102 	     0.096072381 	       15.296914 	       27.785373 	       29.581017 	       21.398199 	           0.177
327000 	       26.498984 	       36.822512 	       36.198721 	      0.38371102 	     0.096072381 	       15.296914 	       27.785373 	       29.581017 	       21.398199 	           0.177
328000 	       26.498984 	       36.822512 	       36.198721 	      0.38371102 	     0.096072381 	       15.296914 	       27.785373 	       29.581017 	       21.398199 	           0.177
329000 	       26.498984 	       36.822512 	       36.198721 	      0.38371102 	     0.096072381 	       15.296914 	       27.785373 	       29.581017 	       21.398199 	           0.177
330000 	       26.498984 	       36.822512 	       36.198721 	      0.38371102 	     0.096072381 	       15.296914 	       27.785373 	       29.581017 	       21.398199 	           0.177
331000 	       26.498984 	       36.822512 	       36.198721 	      0.38371102 	     0.096072381 	       15.296914 	       27.785373 	       29.581017 	       21.398199 	           0.177
332000 	       26.498984 	       36.822512 	       36.198721 	      0.38371102 	     0.096072381 	       15.296914 	       27.785373 	       29.581017 	       21.398199 	           0.177
333000 	       26.498984 	       36.822512 	       36.198721 	      0.38371102 	     0.096072381 	       15.296914 	       27.785373 	       29.581017 	       21.398199 	           0.177
334000 	       26.498984 	       36.822512 	       36.198721 	      0.38371102 	     0.096072381 	       15.296914 	       27.785373 	       29.581017 	       21.398199 	           0.177
335000 	       26.498984 	       36.822512 	       36.198721 	      0.38371102 	     0.096072381 	       15.296914 	       27.785373 	       29.581017 	       21.398199 	           0.177
336000 	       26.498984 	       36.822512 	       36.198721 	      0.38371102 	     0.096072381 	       15.296914 	       27.785373 	       29.581017 	       21.398199 	           0.177
337000 	       26.498984 	       36.822512 	       36.198721 	      0.38371102 	     0.096072381 	       15.296914 	       27.785373 	       29.581017 	       21.398199 	           0.177
338000 	       26.498984 	       36.822512 	       36.198721 	      0.38371102 	     0.096072381 	       15.296914 	       27.785373 	       29.581017 	       21.398199 	           0.177
339000 	       26.498984 	       36.822512 	       36.198721 	      0.38371102 	     0.096072381 	       15.296914 	       27.785373 	       29.581017 	       21.398199 	           0.177
340000 	       26.498984 	       36.822512 	       36.198721 	      0.38371102 	     0.096072381 	       15.296914 	       27.785373 	       29.581017 	       21.398199 	           0.177
341000 	       26.498984 	       36.822512 	       36.198721 	      0.38371102 	     0.096072381 	       15.296914 	       27.785373 	       29.581017 	       21.398199 	           0.177
342000 	       26.498984 	       36.822512 	       36.198721 	      0.38371102 	     0.096072381 	       15.296914 	       27.785373 	       29.581017 	       21.398199 	           0.177
343000 	       26.498984 	       36.822512 	       36.198721 	      0.38371102 	     0.096072381 	       15.296914 	       27.785373 	       29.581017 	       21.398199 	           0.177
344000 	       26.498984 	       36.822512 	       36.198721 	      0.38371102 	     0.096072381 	       15.296914 	       27.785373 	       29.581017 	       21.398199 	           0.177
345000 	       26.498984 	       36.822512 	       36.198721 	      0.38371102 	     0.096072381 	       15.296914 	       27.785373 	       29.581017 	       21.398199 	           0.177
346000 	       26.498984 	       36.822512 	       36.198721 	      0.38371102 	     0.096072381 	       15.296914 	       27.785373 	       29.581017 	       21.398199 	           0.177
347000 	       26.498984 	       36.822512 	       36.198721 	      0.38371102 	     0.096072381 	       15.296914 	       27.785373 	       29.581017 	       21.398199 	           0.177
348000 	       26.498984 	       36.822512 	       36.198721 	      0.38371102 	     0.096072381 	       15.296914 	       27.785373 	       29.581017 	       21.398199 	           0.177
349000 	       26.498984 	       36.822512 	       36.198721 	      0.38371102 	     0.096072381 	       15.296914 	       27.785373 	       29.581017 	       21.398199 	           0.177
350000 	       26.498984 	       36.822512 	       36.198721 	      0.38371102 	     0.096072381 	       15.296914 	       27.785373 	       29.581017 	       21.398199 	           0.177
351000 	       26.498984 	       36.822512 	       36.198721 	      0.38371102 	     0.096072381 	       15.296914 	       27.785373 	       29.581017 	       21.398199 	           0.177
352000 	       26.498984 	       36.822512 	       36.198721 	      0.38371102 	     0.096072381 	       15.296914 	       27.785373 	       29.581017 	       21.398199 	           0.177
353000 	       26.498984 	       36.822512 	       36.198721 	      0.38371102 	     0.096072381 	       15.296914 	       27.785373 	       29.581017 	       21.398199 	           0.177
354000 	       26.498984 	       36.822512 	       36.198721 	      0.38371102 	     0.096072381 	       15.296914 	       27.785373 	       29.581017 	       21.398199 	           0.177
355000 	       26.498984 	       36.822512 	       36.198721 	      0.38371102 	     0.096072381 	       15.296914 	       27.785373 	       29.581017 	       21.398199 	           0.177
356000 	       26.498984 	       36.822512 	       36.198721 	      0.38371102 	     0.096072381 	       15.296914 	       27.785373 	       29.581017 	       21.398199 	           0.177
357000 	       26.498984 	       36.822512 	       36.198721 	      0.38371102 	     0.096072381 	       15.296914 	       27.785373 	       29.581017 	       21.398199 	           0.177
358000 	       26.498984 	       36.822512 	       36.198721 	      0.38371102 	     0.096072381 	       15.296914 	       27.785373 	       29.581017 	       21.398199 	           0.177
359000 	       26.498984 	       36.822512 	       36.198721 	      0.38371102 	     0.096072381 	       15.296914 	       27.785373 	       29.581017 	       21.398199 	           0.177
360000 	       26.498984 	       36.822512 	       36.198721 	      0.38371102 	     0.096072381 	       15.296914 	       27.785373 	       29.581017 	       21.398199 	           0.177
361000 	       26.498984 	       36.822512 	       36.198721 	      0.38371102 	     0.096072381 	       15.296914 	       27.785373 	       29.581017 	       21.398199 	           0.177
362000 	       26.498984 	       36.822512 	       36.198721 	      0.38371102 	     0.096072381 	       15.296914 	       27.785373 	       29.581017 	       21.398199 	           0.177
363000 	       26.498984 	       36.822512 	       36.198721 	      0.38371102 	     0.096072381 	       15.296914 	       27.785373 	       29.581017 	       21.398199 	           0.177
364000 	       26.498984 	       36.822512 	       36.198721 	      0.38371102 	     0.096072381 	       15.296914 	       27.785373 	       29.581017 	       21.398199 	           0.177
365000 	       26.498984 	       36.822512 	       36.198721 	      0.38371102 	     0.096072381 	       15.296914 	       27.785373 	       29.581017 	       21.398199 	           0.177
366000 	       26.498984 	       36.822512 	       36.198721 	      0.38371102 	     0.096072381 	       15.296914 	       27.785373 	       29.581017 	       21.398199 	           0.177
367000 	       26.498984 	       36.822512 	       36.198721 	      0.38371102 	     0.096072381 	       15.296914 	       27.785373 	       29.581017 	       21.398199 	           0.177
368000 	       26.498984 	       36.822512 	       36.198721 	      0.38371102 	     0.096072381 	       15.296914 	       27.785373 	       29.581017 	       21.398199 	           0.177
369000 	       26.498984 	       36.822512 	       36.198721 	      0.38371102 	     0.096072381 	       15.296914 	       27.785373 	       29.581017 	       21.398199 	           0.177
370000 	       26.498984 	       36.822512 	       36.198721 	      0.38371102 	     0.096072381 	       15.296914 	       27.785373 	       29.581017 	       21.398199 	           0.177
371000 	       26.498984 	       36.822512 	       36.198721 	      0.38371102 	     0.096072381 	       15.296914 	       27.785373 	       29.581017 	       21.398199 	           0.177
372000 	       26.498984 	       36.822512 	       36.198721 	      0.38371102 	     0.096072381 	       15.296914 	       27.785373 	       29.581017 	       21.398199 	           0.177
373000 	       26.498984 	       36.822512 	       36.198721 	      0.38371102 	     0.096072381 	       15.296914 	       27.785373 	       29.581017 	       21.398199 	           0.177
374000 	       26.498984 	       36.822512 	       36.198721 	      0.38371102 	     0.096072381 	       15.296914 	       27.785373 	       29.581017 	       21.398199 	           0.177
375000 	       26.498984 	       36.822512 	       36.198721 	      0.38371102 	     0.096072381 	       15.296914 	       27.785373 	       29.581017 	       21.398199 	           0.177
376000 	       26.498984 	       36.822512 	       36.198721 	      0.38371102 	     0.096072381 	       15.296914 	       27.785373 	       29.581017 	       21.398199 	           0.177
377000 	       26.498984 	       36.822512 	       36.198721 	      0.38371102 	     0.096072381 	       15.296914 	       27.785373 	       29.581017 	       21.398199 	           0.177
378000 	       26.498984 	       36.822512 	       36.198721 	      0.38371102 	     0.096072381 	       15.296914 	       27.785373 	       29.581017 	       21.398199 	           0.177
379000 	       26.498984 	       36.822512 	       36.198721 	      0.38371102 	     0.096072381 	       15.296914 	       27.785373 	       29.581017 	       21.398199 	           0.177
380000 	       26.498984 	       36.822512 	       36.198721 	      0.38371102 	     0.096072381 	       15.296914 	       27.785373 	       29.581017 	       21.398199 	           0.177
381000 	       26.498984 	       36.822512 	       36.198721 	      0.38371102 	     0.096072381 	       15.296914 	       27.785373 	       29.581017 	       21.398199 	           0.177
382000 	       26.498984 	       36.822512 	       36.198721 	      0.38371102 	     0.096072381 	       15.296914 	       27.785373 	       29.581017 	       21.398199 	           0.177
383000 	       26.498984 	       36.822512 	       36.198721 	      0.38371102 	     0.096072381 	       15.296914 	       27.785373 	       29.581017 	       21.398199 	           0.177
384000 	       26.498984 	       36.822512 	       36.198721 	      0.38371102 	     0.096072381 	       15.296914 	       27.785373 	       29.581017 	       21.398199 	           0.177
385000 	       26.498984 	       36.822512 	       36.198721 	      0.38371102 	     0.096072381 	       15.296914 	       27.785373 	       29.581017 	       21.398199 	           0.177
386000 	       26.498984 	       36.822512 	       36.198721 	      0.38371102 	     0.096072381 	       15.296914 	       27.785373 	       29.581017 	       21.398199 	           0.177
387000 	       26.498984 	       36.822512 	       36.198721 	      0.38371102 	     0.096072381 	       15.296914 	       27.785373 	       29.581017 	       21.398199 	           0.177
388000 	       26.498984 	       36.822512 	       36.198721 	      0.38371102 	     0.096072381 	       15.296914 	       27.785373 	       29.581017 	       21.398199 	           0.177
389000 	       26.498984 	       36.822512 	       36.198721 	      0.38371102 	     0.096072381 	       15.296914 	       27.785373 	       29.581017 	       21.398199 	           0.177
390000 	       26.498984 	       36.822512 	       36.198721 	      0.38371102 	     0.096072381 	       15.296914 	       27.785373 	       29.581017 	       21.398199 	           0.177
391000 	       26.498984 	       36.822512 	       36.198721 	      0.38371102 	     0.096072381 	       15.296914 	       27.785373 	       29.581017 	       21.398199 	           0.177
392000 	       26.498984 	       36.822512 	       36.198721 	      0.38371102 	     0.096072381 	       15.296914 	       27.785373 	       29.581017 	       21.398199 	           0.177
393000 	       26.498984 	       36.822512 	       36.198721 	      0.38371102 	     0.096072381 	       15.296914 	       27.785373 	       29.581017 	       21.398199 	           0.177
394000 	       26.498984 	       36.822512 	       36.198721 	      0.38371102 	     0.096072381 	       15.296914 	       27.785373 	       29.581017 	       21.398199 	           0.177
395000 	       26.498984 	       36.822512 	       36.198721 	      0.38371102 	     0.096072381 	       15.296914 	       27.785373 	       29.581017 	       21.398199 	           0.177
396000 	       26.498984 	       36.822512 	       36.198721 	      0.38371102 	     0.096072381 	       15.296914 	       27.785373 	       29.581017 	       21.398199 	           0.177
397000 	       26.498984 	       36.822512 	       36.198721 	      0.38371102 	     0.096072381 	       15.296914 	       27.785373 	       29.581017 	       21.398199 	           0.177
398000 	       26.498984 	       36.822512 	       36.198721 	      0.38371102 	     0.096072381 	       15.296914 	       27.785373 	       29.581017 	       21.398199 	           0.177
399000 	       26.498984 	       36.822512 	       36.198721 	      0.38371102 	     0.096072381 	       15.296914 	       27.785373 	       29.581017 	       21.398199 	           0.177
400000 	       26.498984 	       36.822512 	       36.198721 	      0.38371102 	     0.096072381 	       15.296914 	       27.785373 	       29.581017 	       21.398199 	           0.177
401000 	       26.498984 	       36.822512 	       36.198721 	      0.38371102 	     0.096072381 	       15.296914 	       27.785373 	       29.581017 	       21.398199 	           0.177
402000 	       26.498984 	       36.822512 	       36.198721 	      0.38371102 	     0.096072381 	       15.296914 	       27.785373 	       29.581017 	       21.398199 	           0.177
403000 	       26.498984 	       36.822512 	       36.198721 	      0.38371102 	     0.096072381 	       15.296914 	       27.785373 	       29.581017 	       21.398199 	           0.177
404000 	       26.498984 	       36.822512 	       36.198721 	      0.38371102 	     0.096072381 	       15.296914 	       27.785373 	       29.581017 	       21.398199 	           0.177
405000 	       26.498984 	       36.822512 	       36.198721 	      0.38371102 	     0.096072381 	       15.296914 	       27.785373 	       29.581017 	       21.398199 	           0.177
406000 	       26.498984 	       36.822512 	       36.198721 	      0.38371102 	     0.096072381 	       15.296914 	       27.785373 	       29.581017 	       21.398199 	           0.177
407000 	       26.498984 	       36.822512 	       36.198721 	      0.38371102 	     0.096072381 	       15.296914 	       27.785373 	       29.581017 	       21.398199 	           0.177
408000 	       26.498984 	       36.822512 	       36.198721 	      0.38371102 	     0.096072381 	       15.296914 	       27.785373 	       29.581017 	       21.398199 	           0.177
409000 	       26.498984 	       36.822512 	       36.198721 	      0.38371102 	     0.096072381 	       15.296914 	       27.785373 	       29.581017 	       21.398199 	           0.177
410000 	       26.498984 	       36.822512 	       36.198721 	      0.38371102 	     0.096072381 	       15.296914 	       27.785373 	       29.581017 	       21.398199 	           0.177
411000 	       26.498984 	       36.822512 	       36.198721 	      0.38371102 	     0.096072381 	       15.296914 	       27.785373 	       29.581017 	       21.398199 	           0.177
412000 	       26.498984 	       36.822512 	       36.198721 	      0.38371102 	     0.096072381 	       15.296914 	       27.785373 	       29.581017 	       21.398199 	           0.177
413000 	       26.498984 	       36.822512 	       36.198721 	      0.38371102 	     0.096072381 	       15.296914 	       27.785373 	       29.581017 	       21.398199 	           0.177
414000 	       26.498984 	       36.822512 	       36.198721 	      0.38371102 	     0.096072381 	       15.296914 	       27.785373 	       29.581017 	       21.398199 	           0.177
415000 	       26.498984 	       36.822512 	       36.198721 	      0.38371102 	     0.096072381 	       15.296914 	       27.785373 	       29.581017 	       21.398199 	           0.177
416000 	       26.498984 	       36.822512 	       36.198721 	      0.38371102 	     0.096072381 	       15.296914 	       27.785373 	       29.581017 	       21.398199 	           0.177
417000 	       26.498984 	       36.822512 	       36.198721 	      0.38371102 	     0.096072381 	       15.296914 	       27.785373 	       29.581017 	       21.398199 	           0.177
418000 	       26.498984 	       36.822512 	       36.198721 	      0.38371102 	     0.096072381 	       15.296914 	       27.785373 	       29.581017 	       21.398199 	           0.177
419000 	       26.498984 	       36.822512 	       36.198721 	      0.38371102 	     0.096072381 	       15.296914 	       27.785373 	       29.581017 	       21.398199 	           0.177
420000 	       26.498984 	       36.822512 	       36.198721 	      0.38371102 	     0.096072381 	       15.296914 	       27.785373 	       29.581017 	       21.398199 	           0.177
421000 	       26.498984 	       36.822512 	       36.198721 	      0.38371102 	     0.096072381 	       15.296914 	       27.785373 	       29.581017 	       21.398199 	           0.177
422000 	       26.498984 	       36.822512 	       36.198721 	      0.38371102 	     0.096072381 	       15.296914 	       27.785373 	       29.581017 	       21.398199 	           0.177
423000 	       26.498984 	       36.822512 	       36.198721 	      0.38371102 	     0.096072381 	       15.296914 	       27.785373 	       29.581017 	       21.398199 	           0.177
424000 	       26.498984 	       36.822512 	       36.198721 	      0.38371102 	     0.096072381 	       15.296914 	       27.785373 	       29.581017 	       21.398199 	           0.177
425000 	       26.498984 	       36.822512 	       36.198721 	      0.38371102 	     0.096072381 	       15.296914 	       27.785373 	       29.581017 	       21.398199 	           0.177
426000 	       26.498984 	       36.822512 	       36.198721 	      0.38371102 	     0.096072381 	       15.296914 	       27.785373 	       29.581017 	       21.398199 	           0.177
427000 	       26.498984 	       36.822512 	       36.198721 	      0.38371102 	     0.096072381 	       15.296914 	       27.785373 	       29.581017 	       21.398199 	           0.177
428000 	       26.498984 	       36.822512 	       36.198721 	      0.38371102 	     0.096072381 	       15.296914 	       27.785373 	       29.581017 	       21.398199 	           0.177
429000 	       26.498984 	       36.822512 	       36.198721 	      0.38371102 	     0.096072381 	       15.296914 	       27.785373 	       29.581017 	       21.398199 	           0.177
430000 	       26.498984 	       36.822512 	       36.198721 	      0.38371102 	     0.096072381 	       15.296914 	       27.785373 	       29.581017 	       21.398199 	           0.177
431000 	       26.498984 	       36.822512 	       36.198721 	      0.38371102 	     0.096072381 	       15.296914 	       27.785373 	       29.581017 	       21.398199 	           0.177
432000 	       26.498984 	       36.822512 	       36.198721 	      0.38371102 	     0.096072381 	       15.296914 	       27.785373 	       29.581017 	       21.398199 	           0.177
433000 	       26.498984 	       36.822512 	       36.198721 	      0.38371102 	     0.096072381 	       15.296914 	       27.785373 	       29.581017 	       21.398199 	           0.177
434000 	       26.498984 	       36.822512 	       36.198721 	      0.38371102 	     0.096072381 	       15.296914 	       27.785373 	       29.581017 	       21.398199 	           0.177
435000 	       26.498984 	       36.822512 	       36.198721 	      0.38371102 	     0.096072381 	       15.296914 	       27.785373 	       29.581017 	       21.398199 	           0.177
436000 	       26.498984 	       36.822512 	       36.198721 	      0.38371102 	     0.096072381 	       15.296914 	       27.785373 	       29.581017 	       21.398199 	           0.177
437000 	       26.498984 	       36.822512 	       36.198721 	      0.38371102 	     0.096072381 	       15.296914 	       27.785373 	       29.581017 	       21.398199 	           0.177
438000 	       26.498984 	       36.822512 	       36.198721 	      0.38371102 	     0.096072381 	       15.296914 	       27.785373 	       29.581017 	       21.398199 	           0.177
439000 	       26.498984 	       36.822512 	       36.198721 	      0.38371102 	     0.096072381 	       15.296914 	       27.785373 	       29.581017 	       21.398199 	           0.177
440000 	       26.498984 	       36.822512 	       36.198721 	      0.38371102 	     0.096072381 	       15.296914 	       27.785373 	       29.581017 	       21.398199 	           0.177
441000 	       26.498984 	       36.822512 	       36.198721 	      0.38371102 	     0.096072381 	       15.296914 	       27.785373 	       29.581017 	       21.398199 	           0.177
442000 	       26.498984 	       36.822512 	       36.198721 	      0.38371102 	     0.096072381 	       15.296914 	       27.785373 	       29.581017 	       21.398199 	           0.177
443000 	       26.498984 	       36.822512 	       36.198721 	      0.38371102 	     0.096072381 	       15.296914 	       27.785373 	       29.581017 	       21.398199 	           0.177
444000 	       26.498984 	       36.822512 	       36.198721 	      0.38371102 	     0.096072381 	       15.296914 	       27.785373 	       29.581017 	       21.398199 	           0.177
445000 	       26.498984 	       36.822512 	       36.198721 	      0.38371102 	     0.096072381 	       15.296914 	       27.785373 	       29.581017 	       21.398199 	           0.177
446000 	       26.498984 	       36.822512 	       36.198721 	      0.38371102 	     0.096072381 	       15.296914 	       27.785373 	       29.581017 	       21.398199 	           0.177
447000 	       26.498984 	       36.822512 	       36.198721 	      0.38371102 	     0.096072381 	       15.296914 	       27.785373 	       29.581017 	       21.398199 	           0.177
448000 	       26.498984 	       36.822512 	       36.198721 	      0.38371102 	     0.096072381 	       15.296914 	       27.785373 	       29.581017 	       21.398199 	           0.177
449000 	       26.498984 	       36.822512 	       36.198721 	      0.38371102 	     0.096072381 	       15.296914 	       27.785373 	       29.581017 	       21.398199 	           0.177
450000 	       26.498984 	       36.822512 	       36.198721 	      0.38371102 	     0.096072381 	       15.296914 	       27.785373 	       29.581017 	       21.398199 	           0.177
451000 	       26.498984 	       36.822512 	       36.198721 	      0.38371102 	     0.096072381 	       15.296914 	       27.785373 	       29.581017 	       21.398199 	           0.177
452000 	       26.498984 	       36.822512 	       36.198721 	      0.38371102 	     0.096072381 	       15.296914 	       27.785373 	       29.581017 	       21.398199 	           0.177
453000 	       26.498984 	       36.822512 	       36.198721 	      0.38371102 	     0.096072381 	       15.296914 	       27.785373 	       29.581017 	       21.398199 	           0.177
454000 	       26.498984 	       36.822512 	       36.198721 	      0.38371102 	     0.096072381 	       15.296914 	       27.785373 	       29.581017 	       21.398199 	           0.177
455000 	       26.498984 	       36.822512 	       36.198721 	      0.38371102 	     0.096072381 	       15.296914 	       27.785373 	       29.581017 	       21.398199 	           0.177
456000 	       26.498984 	       36.822512 	       36.198721 	      0.38371102 	     0.096072381 	       15.296914 	       27.785373 	       29.581017 	       21.398199 	           0.177
457000 	       26.498984 	       36.822512 	       36.198721 	      0.38371102 	     0.096072381 	       15.296914 	       27.785373 	       29.581017 	       21.398199 	           0.177
458000 	       26.498984 	       36.822512 	       36.198721 	      0.38371102 	     0.096072381 	       15.296914 	       27.785373 	       29.581017 	       21.398199 	           0.177
459000 	       26.498984 	       36.822512 	       36.198721 	      0.38371102 	     0.096072381 	       15.296914 	       27.785373 	       29.581017 	       21.398199 	           0.177
460000 	       26.498984 	       36.822512 	       36.198721 	      0.38371102 	     0.096072381 	       15.296914 	       27.785373 	       29.581017 	       21.398199 	           0.177
461000 	       26.498984 	       36.822512 	       36.198721 	      0.38371102 	     0.096072381 	       15.296914 	       27.785373 	       29.581017 	       21.398199 	           0.177
462000 	       26.498984 	       36.822512 	       36.198721 	      0.38371102 	     0.096072381 	       15.296914 	       27.785373 	       29.581017 	       21.398199 	           0.177
463000 	       26.498984 	       36.822512 	       36.198721 	      0.38371102 	     0.096072381 	       15.296914 	       27.785373 	       29.581017 	       21.398199 	           0.177
464000 	       26.498984 	       36.822512 	       36.198721 	      0.38371102 	     0.096072381 	       15.296914 	       27.785373 	       29.581017 	       21.398199 	           0.177
465000 	       26.498984 	       36.822512 	       36.198721 	      0.38371102 	     0.096072381 	       15.296914 	       27.785373 	       29.581017 	       21.398199 	           0.177
466000 	       26.498984 	       36.822512 	       36.198721 	      0.38371102 	     0.096072381 	       15.296914 	       27.785373 	       29.581017 	       21.398199 	           0.177
467000 	       26.498984 	       36.822512 	       36.198721 	      0.38371102 	     0.096072381 	       15.296914 	       27.785373 	       29.581017 	       21.398199 	           0.177
468000 	       26.498984 	       36.822512 	       36.198721 	      0.38371102 	     0.096072381 	       15.296914 	       27.785373 	       29.581017 	       21.398199 	           0.177
469000 	       26.498984 	       36.822512 	       36.198721 	      0.38371102 	     0.096072381 	       15.296914 	       27.785373 	       29.581017 	       21.398199 	           0.177
470000 	       26.498984 	       36.822512 	       36.198721 	      0.38371102 	     0.096072381 	       15.296914 	       27.785373 	       29.581017 	       21.398199 	           0.177
471000 	       26.498984 	       36.822512 	       36.198721 	      0.38371102 	     0.096072381 	       15.296914 	       27.785373 	       29.581017 	       21.398199 	           0.177
472000 	       26.498984 	       36.822512 	       36.198721 	      0.38371102 	     0.096072381 	       15.296914 	       27.785373 	       29.581017 	       21.398199 	           0.177
473000 	       26.498984 	       36.822512 	       36.198721 	      0.38371102 	     0.096072381 	       15.296914 	       27.785373 	       29.581017 	       21.398199 	           0.177
474000 	       26.498984 	       36.822512 	       36.198721 	      0.38371102 	     0.096072381 	       15.296914 	       27.785373 	       29.581017 	       21.398199 	           0.177
475000 	       26.498984 	       36.822512 	       36.198721 	      0.38371102 	     0.096072381 	       15.296914 	       27.785373 	       29.581017 	       21.398199 	           0.177
476000 	       26.498984 	       36.822512 	       36.198721 	      0.38371102 	     0.096072381 	       15.296914 	       27.785373 	       29.581017 	       21.398199 	           0.177
477000 	       26.498984 	       36.822512 	       36.198721 	      0.38371102 	     0.096072381 	       15.296914 	       27.785373 	       29.581017 	       21.398199 	           0.177
478000 	       26.498984 	       36.822512 	       36.198721 	      0.38371102 	     0.096072381 	       15.296914 	       27.785373 	       29.581017 	       21.398199 	           0.177
479000 	       26.498984 	       36.822512 	       36.198721 	      0.38371102 	     0.096072381 	       15.296914 	       27.785373 	       29.581017 	       21.398199 	           0.177
480000 	       26.498984 	       36.822512 	       36.198721 	      0.38371102 	     0.096072381 	       15.296914 	       27.785373 	       29.581017 	       21.398199 	           0.177
481000 	       26.498984 	       36.822512 	       36.198721 	      0.38371102 	     0.096072381 	       15.296914 	       27.785373 	       29.581017 	       21.398199 	           0.177
482000 	       26.498984 	       36.822512 	       36.198721 	      0.38371102 	     0.096072381 	       15.296914 	       27.785373 	       29.581017 	       21.398199 	           0.177
483000 	       26.498984 	       36.822512 	       36.198721 	      0.38371102 	     0.096072381 	       15.296914 	       27.785373 	       29.581017 	       21.398199 	           0.177
484000 	       26.498984 	       36.822512 	       36.198721 	      0.38371102 	     0.096072381 	       15.296914 	       27.785373 	       29.581017 	       21.398199 	           0.177
485000 	       26.498984 	       36.822512 	       36.198721 	      0.38371102 	     0.096072381 	       15.296914 	       27.785373 	       29.581017 	       21.398199 	           0.177
486000 	       26.498984 	       36.822512 	       36.198721 	      0.38371102 	     0.096072381 	       15.296914 	       27.785373 	       29.581017 	       21.398199 	           0.177
487000 	       26.498984 	       36.822512 	       36.198721 	      0.38371102 	     0.096072381 	       15.296914 	       27.785373 	       29.581017 	       21.398199 	           0.177
488000 	       26.498984 	       36.822512 	       36.198721 	      0.38371102 	     0.096072381 	       15.296914 	       27.785373 	       29.581017 	       21.398199 	           0.177
489000 	       26.498984 	       36.822512 	       36.198721 	      0.38371102 	     0.096072381 	       15.296914 	       27.785373 	       29.581017 	       21.398199 	           0.177
490000 	       26.498984 	       36.822512 	       36.198721 	      0.38371102 	     0.096072381 	       15.296914 	       27.785373 	       29.581017 	       21.398199 	           0.177
491000 	       26.498984 	       36.822512 	       36.198721 	      0.38371102 	     0.096072381 	       15.296914 	       27.785373 	       29.581017 	       21.398199 	           0.177
492000 	       26.498984 	       36.822512 	       36.198721 	      0.38371102 	     0.096072381 	       15.296914 	       27.785373 	       29.581017 	       21.398199 	           0.177
493000 	       26.498984 	       36.822512 	       36.198721 	      0.38371102 	     0.096072381 	       15.296914 	       27.785373 	       29.581017 	       21.398199 	           0.177
494000 	       26.498984 	       36.822512 	       36.198721 	      0.38371102 	     0.096072381 	       15.296914 	       27.785373 	       29.581017 	       21.398199 	           0.177
495000 	       26.498984 	       36.822512 	       36.198721 	      0.38371102 	     0.096072381 	       15.296914 	       27.785373 	       29.581017 	       21.398199 	           0.177
496000 	       26.498984 	       36.822512 	       36.198721 	      0.38371102 	     0.096072381 	       15.296914 	       27.785373 	       29.581017 	       21.398199 	           0.177
497000 	       26.498984 	       36.822512 	       36.198721 	      0.38371102 	     0.096072381 	       15.296914 	       27.785373 	       29.581017 	       21.398199 	           0.177
498000 	       26.498984 	       36.822512 	       36.198721 	      0.38371102 	     0.096072381 	       15.296914 	       27.785373 	       29.581017 	       21.398199 	           0.177
499000 	       26.498984 	       36.822512 	       36.198721 	      0.38371102 	     0.096072381 	       15.296914 	       27.785373 	       29.581017 	       21.398199 	           0.177
500000 	       26.498984 	       36.822512 	       36.198721 	      0.38371102 	     0.096072381 	       15.296914 	       27.785373 	       29.581017 	       21.398199 	           0.177
501000 	       26.498984 	       36.822512 	       36.198721 	      0.38371102 	     0.096072381 	       15.296914 	       27.785373 	       29.581017 	       21.398199 	           0.177
502000 	       26.498984 	       36.822512 	       36.198721 	      0.38371102 	     0.096072381 	       15.296914 	       27.785373 	       29.581017 	       21.398199 	           0.177
503000 	       26.498984 	       36.822512 	       36.198721 	      0.38371102 	     0.096072381 	       15.296914 	       27.785373 	       29.581017 	       21.398199 	           0.177
504000 	       26.498984 	       36.822512 	       36.198721 	      0.38371102 	     0.096072381 	       15.296914 	       27.785373 	       29.581017 	       21.398199 	           0.177
505000 	       26.498984 	       36.822512 	       36.198721 	      0.38371102 	     0.096072381 	       15.296914 	       27.785373 	       29.581017 	       21.398199 	           0.177
506000 	       26.498984 	       36.822512 	       36.198721 	      0.38371102 	     0.096072381 	       15.296914 	       27.785373 	       29.581017 	       21.398199 	           0.177
507000 	       26.498984 	       36.822512 	       36.198721 	      0.38371102 	     0.096072381 	       15.296914 	       27.785373 	       29.581017 	       21.398199 	           0.177
508000 	       26.498984 	       36.822512 	       36.198721 	      0.38371102 	     0.096072381 	       15.296914 	       27.785373 	       29.581017 	       21.398199 	           0.177
509000 	       26.498984 	       36.822512 	       36.198721 	      0.38371102 	     0.096072381 	       15.296914 	       27.785373 	       29.581017 	       21.398199 	           0.177
510000 	       26.498984 	       36.822512 	       36.198721 	      0.38371102 	     0.096072381 	       15.296914 	       27.785373 	       29.581017 	       21.398199 	           0.177
511000 	       26.498984 	       36.822512 	       36.198721 	      0.38371102 	     0.096072381 	       15.296914 	       27.785373 	       29.581017 	       21.398199 	           0.177
512000 	       26.498984 	       36.822512 	       36.198721 	      0.38371102 	     0.096072381 	       15.296914 	       27.785373 	       29.581017 	       21.398199 	           0.177
513000 	       26.498984 	       36.822512 	       36.198721 	      0.38371102 	     0.096072381 	       15.296914 	       27.785373 	       29.581017 	       21.398199 	           0.177
514000 	       26.498984 	       36.822512 	       36.198721 	      0.38371102 	     0.096072381 	       15.296914 	       27.785373 	       29.581017 	       21.398199 	           0.177
515000 	       26.498984 	       36.822512 	       36.198721 	      0.38371102 	     0.096072381 	       15.296914 	       27.785373 	       29.581017 	       21.398199 	           0.177
516000 	       26.498984 	       36.822512 	       36.198721 	      0.38371102 	     0.096072381 	       15.296914 	       27.785373 	       29.581017 	       21.398199 	           0.177
517000 	       26.498984 	       36.822512 	       36.198721 	      0.38371102 	     0.096072381 	       15.296914 	       27.785373 	       29.581017 	       21.398199 	           0.177
518000 	       26.498984 	       36.822512 	       36.198721 	      0.38371102 	     0.096072381 	       15.296914 	       27.785373 	       29.581017 	       21.398199 	           0.177
519000 	       26.498984 	       36.822512 	       36.198721 	      0.38371102 	     0.096072381 	       15.296914 	       27.785373 	       29.581017 	       21.398199 	           0.177
520000 	       26.498984 	       36.822512 	       36.198721 	      0.38371102 	     0.096072381 	       15.296914 	       27.785373 	       29.581017 	       21.398199 	           0.177
521000 	       26.498984 	       36.822512 	       36.198721 	      0.38371102 	     0.096072381 	       15.296914 	       27.785373 	       29.581017 	       21.398199 	           0.177
522000 	       26.498984 	       36.822512 	       36.198721 	      0.38371102 	     0.096072381 	       15.296914 	       27.785373 	       29.581017 	       21.398199 	           0.177
523000 	       26.498984 	       36.822512 	       36.198721 	      0.38371102 	     0.096072381 	       15.296914 	       27.785373 	       29.581017 	       21.398199 	           0.177
524000 	       26.498984 	       36.822512 	       36.198721 	      0.38371102 	     0.096072381 	       15.296914 	       27.785373 	       29.581017 	       21.398199 	           0.177
525000 	       26.498984 	       36.822512 	       36.198721 	      0.38371102 	     0.096072381 	       15.296914 	       27.785373 	       29.581017 	       21.398199 	           0.177
526000 	       26.498984 	       36.822512 	       36.198721 	      0.38371102 	     0.096072381 	       15.296914 	       27.785373 	       29.581017 	       21.398199 	           0.177
527000 	       26.498984 	       36.822512 	       36.198721 	      0.38371102 	     0.096072381 	       15.296914 	       27.785373 	       29.581017 	       21.398199 	           0.177
528000 	       26.498984 	       36.822512 	       36.198721 	      0.38371102 	     0.096072381 	       15.296914 	       27.785373 	       29.581017 	       21.398199 	           0.177
529000 	       26.498984 	       36.822512 	       36.198721 	      0.38371102 	     0.096072381 	       15.296914 	       27.785373 	       29.581017 	       21.398199 	           0.177
530000 	       26.498984 	       36.822512 	       36.198721 	      0.38371102 	     0.096072381 	       15.296914 	       27.785373 	       29.581017 	       21.398199 	           0.177
531000 	       26.498984 	       36.822512 	       36.198721 	      0.38371102 	     0.096072381 	       15.296914 	       27.785373 	       29.581017 	       21.398199 	           0.177
532000 	       26.498984 	       36.822512 	       36.198721 	      0.38371102 	     0.096072381 	       15.296914 	       27.785373 	       29.581017 	       21.398199 	           0.177
533000 	       26.498984 	       36.822512 	       36.198721 	      0.38371102 	     0.096072381 	       15.296914 	       27.785373 	       29.581017 	       21.398199 	           0.177
534000 	       26.498984 	       36.822512 	       36.198721 	      0.38371102 	     0.096072381 	       15.296914 	       27.785373 	       29.581017 	       21.398199 	           0.177
535000 	       26.498984 	       36.822512 	       36.198721 	      0.38371102 	     0.096072381 	       15.296914 	       27.785373 	       29.581017 	       21.398199 	           0.177
536000 	       26.498984 	       36.822512 	       36.198721 	      0.38371102 	     0.096072381 	       15.296914 	       27.785373 	       29.581017 	       21.398199 	           0.177
537000 	       26.498984 	       36.822512 	       36.198721 	      0.38371102 	     0.096072381 	       15.296914 	       27.785373 	       29.581017 	       21.398199 	           0.177
538000 	       26.498984 	       36.822512 	       36.198721 	      0.38371102 	     0.096072381 	       15.296914 	       27.785373 	       29.581017 	       21.398199 	           0.177
539000 	       26.498984 	       36.822512 	       36.198721 	      0.38371102 	     0.096072381 	       15.296914 	       27.785373 	       29.581017 	       21.398199 	           0.177
540000 	       26.498984 	       36.822512 	       36.198721 	      0.38371102 	     0.096072381 	       15.296914 	       27.785373 	       29.581017 	       21.398199 	           0.177
541000 	       26.498984 	       36.822512 	       36.198721 	      0.38371102 	     0.096072381 	       15.296914 	       27.785373 	       29.581017 	       21.398199 	           0.177
542000 	       26.498984 	       36.822512 	       36.198721 	      0.38371102 	     0.096072381 	       15.296914 	       27.785373 	       29.581017 	       21.398199 	           0.177
543000 	       26.498984 	       36.822512 	       36.198721 	      0.38371102 	     0.096072381 	       15.296914 	       27.785373 	       29.581017 	       21.398199 	           0.177
544000 	       26.498984 	       36.822512 	       36.198721 	      0.38371102 	     0.096072381 	       15.296914 	       27.785373 	       29.581017 	       21.398199 	           0.177
545000 	       26.498984 	       36.822512 	       36.198721 	      0.38371102 	     0.096072381 	       15.296914 	       27.785373 	       29.581017 	       21.398199 	           0.177
546000 	       26.498984 	       36.822512 	       36.198721 	      0.38371102 	     0.096072381 	       15.296914 	       27.785373 	       29.581017 	       21.398199 	           0.177
547000 	       26.498984 	       36.822512 	       36.198721 	      0.38371102 	     0.096072381 	       15.296914 	       27.785373 	       29.581017 	       21.398199 	           0.177
548000 	       26.498984 	       36.822512 	       36.198721 	      0.38371102 	     0.096072381 	       15.296914 	       27.785373 	       29.581017 	       21.398199 	           0.177
549000 	       26.498984 	       36.822512 	       36.198721 	      0.38371102 	     0.096072381 	       15.296914 	       27.785373 	       29.581017 	       21.398199 	           0.177
550000 	       26.498984 	       36.822512 	       36.198721 	      0.38371102 	     0.096072381 	       15.296914 	       27.785373 	       29.581017 	       21.398199 	           0.177
551000 	       26.498984 	       36.822512 	       36.198721 	      0.38371102 	     0.096072381 	       15.296914 	       27.785373 	       29.581017 	       21.398199 	           0.177
552000 	       26.498984 	       36.822512 	       36.198721 	      0.38371102 	     0.096072381 	       15.296914 	       27.785373 	       29.581017 	       21.398199 	           0.177
553000 	       26.498984 	       36.822512 	       36.198721 	      0.38371102 	     0.096072381 	       15.296914 	       27.785373 	       29.581017 	       21.398199 	           0.177
554000 	       26.498984 	       36.822512 	       36.198721 	      0.38371102 	     0.096072381 	       15.296914 	       27.785373 	       29.581017 	       21.398199 	           0.177
555000 	       26.498984 	       36.822512 	       36.198721 	      0.38371102 	     0.096072381 	       15.296914 	       27.785373 	       29.581017 	       21.398199 	           0.177
556000 	       26.498984 	       36.822512 	       36.198721 	      0.38371102 	     0.096072381 	       15.296914 	       27.785373 	       29.581017 	       21.398199 	           0.177
557000 	       26.498984 	       36.822512 	       36.198721 	      0.38371102 	     0.096072381 	       15.296914 	       27.785373 	       29.581017 	       21.398199 	           0.177
558000 	       26.498984 	       36.822512 	       36.198721 	      0.38371102 	     0.096072381 	       15.296914 	       27.785373 	       29.581017 	       21.398199 	           0.177
559000 	       26.498984 	       36.822512 	       36.198721 	      0.38371102 	     0.096072381 	       15.296914 	       27.785373 	       29.581017 	       21.398199 	           0.177
560000 	       26.498984 	       36.822512 	       36.198721 	      0.38371102 	     0.096072381 	       15.296914 	       27.785373 	       29.581017 	       21.398199 	           0.177
561000 	       26.498984 	       36.822512 	       36.198721 	      0.38371102 	     0.096072381 	       15.296914 	       27.785373 	       29.581017 	       21.398199 	           0.177
562000 	       26.498984 	       36.822512 	       36.198721 	      0.38371102 	     0.096072381 	       15.296914 	       27.785373 	       29.581017 	       21.398199 	           0.177
563000 	       26.498984 	       36.822512 	       36.198721 	      0.38371102 	     0.096072381 	       15.296914 	       27.785373 	       29.581017 	       21.398199 	           0.177
564000 	       26.498984 	       36.822512 	       36.198721 	      0.38371102 	     0.096072381 	       15.296914 	       27.785373 	       29.581017 	       21.398199 	           0.177
565000 	       26.498984 	       36.822512 	       36.198721 	      0.38371102 	     0.096072381 	       15.296914 	       27.785373 	       29.581017 	       21.398199 	           0.177
566000 	       26.498984 	       36.822512 	       36.198721 	      0.38371102 	     0.096072381 	       15.296914 	       27.785373 	       29.581017 	       21.398199 	           0.177
567000 	       26.498984 	       36.822512 	       36.198721 	      0.38371102 	     0.096072381 	       15.296914 	       27.785373 	       29.581017 	       21.398199 	           0.177
568000 	       26.498984 	       36.822512 	       36.198721 	      0.38371102 	     0.096072381 	       15.296914 	       27.785373 	       29.581017 	       21.398199 	           0.177
569000 	       26.498984 	       36.822512 	       36.198721 	      0.38371102 	     0.096072381 	       15.296914 	       27.785373 	       29.581017 	       21.398199 	           0.177
570000 	       26.498984 	       36.822512 	       36.198721 	      0.38371102 	     0.096072381 	       15.296914 	       27.785373 	       29.581017 	       21.398199 	           0.177
571000 	       26.498984 	       36.822512 	       36.198721 	      0.38371102 	     0.096072381 	       15.296914 	       27.785373 	       29.581017 	       21.398199 	           0.177
572000 	       26.498984 	       36.822512 	       36.198721 	      0.38371102 	     0.096072381 	       15.296914 	       27.785373 	       29.581017 	       21.398199 	           0.177
573000 	       26.498984 	       36.822512 	       36.198721 	      0.38371102 	     0.096072381 	       15.296914 	       27.785373 	       29.581017 	       21.398199 	           0.177
574000 	       26.498984 	       36.822512 	       36.198721 	      0.38371102 	     0.096072381 	       15.296914 	       27.785373 	       29.581017 	       21.398199 	           0.177
575000 	       26.498984 	       36.822512 	       36.198721 	      0.38371102 	     0.096072381 	       15.296914 	       27.785373 	       29.581017 	       21.398199 	           0.177
576000 	       26.498984 	       36.822512 	       36.198721 	      0.38371102 	     0.096072381 	       15.296914 	       27.785373 	       29.581017 	       21.398199 	           0.177
577000 	       26.498984 	       36.822512 	       36.198721 	      0.38371102 	     0.096072381 	       15.296914 	       27.785373 	       29.581017 	       21.398199 	           0.177
578000 	       26.498984 	       36.822512 	       36.198721 	      0.38371102 	     0.096072381 	       15.296914 	       27.785373 	       29.581017 	       21.398199 	           0.177
579000 	       26.498984 	       36.822512 	       36.198721 	      0.38371102 	     0.096072381 	       15.296914 	       27.785373 	       29.581017 	       21.398199 	           0.177
580000 	       26.498984 	       36.822512 	       36.198721 	      0.38371102 	     0.096072381 	       15.296914 	       27.785373 	       29.581017 	       21.398199 	           0.177
581000 	       26.498984 	       36.822512 	       36.198721 	      0.38371102 	     0.096072381 	       15.296914 	       27.785373 	       29.581017 	       21.398199 	           0.177
582000 	       26.498984 	       36.822512 	       36.198721 	      0.38371102 	     0.096072381 	       15.296914 	       27.785373 	       29.581017 	       21.398199 	           0.177
583000 	       26.498984 	       36.822512 	       36.198721 	      0.38371102 	     0.096072381 	       15.296914 	       27.785373 	       29.581017 	       21.398199 	           0.177
584000 	       26.498984 	       36.822512 	       36.198721 	      0.38371102 	     0.096072381 	       15.296914 	       27.785373 	       29.581017 	       21.398199 	           0.177
585000 	       26.498984 	       36.822512 	       36.198721 	      0.38371102 	     0.096072381 	       15.296914 	       27.785373 	       29.581017 	       21.398199 	           0.177
586000 	       26.498984 	       36.822512 	       36.198721 	      0.38371102 	     0.096072381 	       15.296914 	       27.785373 	       29.581017 	       21.398199 	           0.177
587000 	       26.498984 	       36.822512 	       36.198721 	      0.38371102 	     0.096072381 	       15.296914 	       27.785373 	       29.581017 	       21.398199 	           0.177
588000 	       26.498984 	       36.822512 	       36.198721 	      0.38371102 	     0.096072381 	       15.296914 	       27.785373 	       29.581017 	       21.398199 	           0.177
589000 	       26.498984 	       36.822512 	       36.198721 	      0.38371102 	     0.096072381 	       15.296914 	       27.785373 	       29.581017 	       21.398199 	           0.177
590000 	       26.498984 	       36.822512 	       36.198721 	      0.38371102 	     0.096072381 	       15.296914 	       27.785373 	       29.581017 	       21.398199 	           0.177
591000 	       26.498984 	       36.822512 	       36.198721 	      0.38371102 	     0.096072381 	       15.296914 	       27.785373 	       29.581017 	       21.398199 	           0.177
592000 	       26.498984 	       36.822512 	       36.198721 	      0.38371102 	     0.096072381 	       15.296914 	       27.785373 	       29.581017 	       21.398199 	           0.177
593000 	       26.498984 	       36.822512 	       36.198721 	      0.38371102 	     0.096072381 	       15.296914 	       27.785373 	       29.581017 	       21.398199 	           0.177
594000 	       26.498984 	       36.822512 	       36.198721 	      0.38371102 	     0.096072381 	       15.296914 	       27.785373 	       29.581017 	       21.398199 	           0.177
595000 	       26.498984 	       36.822512 	       36.198721 	      0.38371102 	     0.096072381 	       15.296914 	       27.785373 	       29.581017 	       21.398199 	           0.177
596000 	       26.498984 	       36.822512 	       36.198721 	      0.38371102 	     0.096072381 	       15.296914 	       27.785373 	       29.581017 	       21.398199 	           0.177
597000 	       26.498984 	       36.822512 	       36.198721 	      0.38371102 	     0.096072381 	       15.296914 	       27.785373 	       29.581017 	       21.398199 	           0.177
598000 	       26.498984 	       36.822512 	       36.198721 	      0.38371102 	     0.096072381 	       15.296914 	       27.785373 	       29.581017 	       21.398199 	           0.177
599000 	       26.498984 	       36.822512 	       36.198721 	      0.38371102 	     0.096072381 	       15.296914 	       27.785373 	       29.581017 	       21.398199 	           0.177
600000 	       26.498984 	       36.822512 	       36.198721 	      0.38371102 	     0.096072381 	       15.296914 	       27.785373 	       29.581017 	       21.398199 	           0.177
601000 	       26.498984 	       36.822512 	       36.198721 	      0.38371102 	     0.096072381 	       15.296914 	       27.785373 	       29.581017 	       21.398199 	           0.177
602000 	       26.498984 	       36.822512 	       36.198721 	      0.38371102 	     0.096072381 	       15.296914 	       27.785373 	       29.581017 	       21.398199 	           0.177
603000 	       26.498984 	       36.822512 	       36.198721 	      0.38371102 	     0.096072381 	       15.296914 	       27.785373 	       29.581017 	       21.398199 	           0.177
604000 	       26.498984 	       36.822512 	       36.198721 	      0.38371102 	     0.096072381 	       15.296914 	       27.785373 	       29.581017 	       21.398199 	           0.177
