#  Time[s]  	bnd_inflow[Q [m3/s]] 	bnd_inflow[Qsed tot [m3/s]] 	bnd_inflow[Qsed d=7 mm [m3/s]] 	bnd_inflow[Qsed d=20 mm [m3/s]] 	bnd_inflow[Qsed d=33 mm [m3/s]] 	bnd_inflow[Qsed d=46 mm [m3/s]] 	bnd_inflow[Qsed d=59 mm [m3/s]] 	bnd_outflow[Q [m3/s]] 	bnd_outflow[Qsed tot [m3/s]] 	bnd_outflow[Qsed d=7 mm [m3/s]] 	bnd_outflow[Qsed d=20 mm [m3/s]] 	bnd_outflow[Qsed d=33 mm [m3/s]] 	bnd_outflow[Qsed d=46 mm [m3/s]] 	bnd_outflow[Qsed d=59 mm [m3/s]] 	bnd_inflow_sed[Q [m3/s]] 	bnd_inflow_sed[Qsed tot [m3/s]] 	bnd_inflow_sed[Qsed d=7 mm [m3/s]] 	bnd_inflow_sed[Qsed d=20 mm [m3/s]] 	bnd_inflow_sed[Qsed d=33 mm [m3/s]] 	bnd_inflow_sed[Qsed d=46 mm [m3/s]] 	bnd_inflow_sed[Qsed d=59 mm [m3/s]] 	
110000 	              -0 	               0 	               0 	               0 	               0 	               0 	               0 	               0 	               0 	               0 	               0 	               0 	               0 	               0 	               0 	               0 	               0 	               0 	               0 	               0 	               0
115000 	       18.963744 	               0 	               0 	               0 	               0 	               0 	               0 	       17.172493 	   1.5305361e-05 	   5.6070971e-06 	   3.1412617e-06 	   1.7993635e-06 	   2.4398149e-06 	   2.3178242e-06 	               0 	    -0.015832832 	    -0.006777606 	   -0.0033527727 	   -0.0017199413 	   -0.0021243904 	   -0.0018581218
120000 	       22.378423 	               0 	               0 	               0 	               0 	               0 	               0 	        21.36101 	    0.0017272451 	   0.00081619087 	   0.00033266548 	   0.00015896513 	   0.00021508904 	   0.00020433458 	               0 	    -0.017687939 	   -0.0077296675 	   -0.0037850649 	   -0.0019014893 	   -0.0022998642 	   -0.0019718527
125000 	       20.080932 	               0 	               0 	               0 	               0 	               0 	               0 	       18.249768 	   3.6616575e-05 	   2.0119867e-05 	   6.5294366e-06 	   2.7464719e-06 	   3.7029743e-06 	   3.5178256e-06 	               0 	    -0.018539205 	   -0.0080584973 	   -0.0039576747 	   -0.0019995378 	   -0.0024308234 	   -0.0020926715
130000 	       23.952836 	               0 	               0 	               0 	               0 	               0 	               0 	       22.766495 	   7.9987737e-05 	   5.0271232e-05 	   1.2792106e-05 	    4.800245e-06 	   6.2188553e-06 	   5.9052999e-06 	               0 	    -0.020245356 	   -0.0087336886 	    -0.004305318 	   -0.0021919609 	   -0.0026854081 	   -0.0023289799
135000 	       34.448461 	               0 	               0 	               0 	               0 	               0 	               0 	       32.147227 	    0.0003551338 	   0.00027995122 	    3.472155e-05 	   1.2044739e-05 	   1.4759771e-05 	   1.3656522e-05 	               0 	    -0.024561009 	    -0.010459264 	   -0.0051878301 	   -0.0026753537 	   -0.0033209481 	   -0.0029176132
140000 	       48.639085 	               0 	               0 	               0 	               0 	               0 	               0 	       42.795677 	   0.00033480981 	   0.00026095001 	   3.7701664e-05 	   1.1211772e-05 	   1.3106456e-05 	   1.1839903e-05 	               0 	    -0.029398887 	     -0.01223195 	   -0.0061327093 	   -0.0032341933 	   -0.0041079664 	   -0.0036920681
145000 	       77.796953 	               0 	               0 	               0 	               0 	               0 	               0 	       76.924745 	    0.0014330937 	    0.0010103903 	   0.00030470197 	   5.9436656e-05 	   3.3613414e-05 	   2.4951299e-05 	               0 	    -0.036641788 	    -0.015015775 	   -0.0075809052 	   -0.0040554426 	   -0.0052260543 	   -0.0047636112
150000 	       81.128776 	               0 	               0 	               0 	               0 	               0 	               0 	          80.964 	    0.0084537786 	    0.0059841101 	    0.0020664669 	   0.00027207524 	   7.8518846e-05 	   5.2607384e-05 	               0 	    -0.035788739 	    -0.014637864 	   -0.0073965186 	   -0.0039639049 	   -0.0051174437 	   -0.0046730076
155000 	       69.777221 	               0 	               0 	               0 	               0 	               0 	               0 	       72.500594 	    0.0016466367 	    0.0011184694 	   0.00046648292 	   3.9419592e-05 	    1.284066e-05 	    9.424113e-06 	               0 	    -0.033919941 	    -0.013844875 	   -0.0070022191 	   -0.0037597509 	   -0.0048634095 	    -0.004449687
160000 	       66.259624 	               0 	               0 	               0 	               0 	               0 	               0 	       65.354914 	   0.00071452168 	   0.00048589739 	   0.00020154263 	   1.6104451e-05 	   6.1500012e-06 	   4.8272107e-06 	               0 	    -0.032779197 	    -0.013386504 	   -0.0067686634 	   -0.0036325012 	   -0.0046965041 	   -0.0042950246
165000 	        62.52914 	               0 	               0 	               0 	               0 	               0 	               0 	       61.687903 	   0.00023512424 	   0.00016871532 	   5.7268022e-05 	   4.8108979e-06 	   2.3374193e-06 	   1.9925763e-06 	               0 	     -0.03204291 	     -0.01309065 	   -0.0066179164 	   -0.0035503687 	   -0.0045887761 	   -0.0041951988
170000 	       71.517864 	               0 	               0 	               0 	               0 	               0 	               0 	       69.528627 	   0.00051524457 	     0.000326657 	   0.00016230176 	   1.8300289e-05 	   4.3808032e-06 	   3.6047195e-06 	               0 	    -0.032900765 	    -0.013435352 	   -0.0067935532 	    -0.003646062 	    -0.004714291 	   -0.0043115068
175000 	       83.018002 	               0 	               0 	               0 	               0 	               0 	               0 	       81.994656 	   0.00091231054 	   0.00056862533 	   0.00027843562 	   5.6154131e-05 	   5.1919804e-06 	   3.9034803e-06 	               0 	    -0.034027257 	    -0.013887997 	   -0.0070241909 	   -0.0037717219 	   -0.0048791111 	   -0.0044642369
180000 	       79.346335 	               0 	               0 	               0 	               0 	               0 	               0 	       78.434552 	   0.00095448702 	   0.00058935247 	   0.00028272556 	   7.6359807e-05 	      3.6853e-06 	    2.363892e-06 	               0 	    -0.033359572 	    -0.013619709 	   -0.0068874893 	   -0.0036972419 	   -0.0047814204 	    -0.004373712
185000 	       91.170222 	               0 	               0 	               0 	               0 	               0 	               0 	       89.573828 	    0.0039364104 	    0.0024570714 	     0.001091586 	   0.00036866361 	   1.2326924e-05 	   6.7624272e-06 	               0 	    -0.034260042 	    -0.013981534 	   -0.0070718511 	    -0.003797689 	   -0.0049131705 	   -0.0044957978
190000 	       107.17393 	               0 	               0 	               0 	               0 	               0 	               0 	       101.87494 	    0.0014016662 	   0.00085572632 	   0.00040225007 	   0.00013896604 	   3.2492567e-06 	   1.4744641e-06 	               0 	     -0.03582544 	    -0.014610538 	     -0.00739235 	   -0.0039723086 	    -0.005142208 	   -0.0047080347
195000 	        160.5404 	               0 	               0 	               0 	               0 	               0 	               0 	       155.39824 	    0.0020587582 	    0.0011993328 	   0.00060335944 	   0.00020483634 	   4.5600941e-05 	   5.6286417e-06 	               0 	    -0.041637852 	     -0.01694607 	   -0.0085823813 	   -0.0046206813 	   -0.0059926375 	   -0.0054960824
200000 	       179.48927 	               0 	               0 	               0 	               0 	               0 	               0 	       179.68231 	    0.0098554296 	    0.0045335958 	    0.0024474865 	    0.0010034091 	      0.00121777 	   0.00065316818 	               0 	    -0.041080582 	    -0.016722149 	    -0.008468286 	    -0.004558518 	   -0.0059111018 	   -0.0054205276
205000 	       160.91252 	               0 	               0 	               0 	               0 	               0 	               0 	       158.01011 	    0.0021755767 	    0.0011605113 	   0.00062012208 	    0.0002175965 	    0.0001365394 	   4.0807407e-05 	               0 	    -0.036777102 	    -0.014992933 	    -0.007587193 	   -0.0040784662 	   -0.0052814482 	   -0.0048370612
210000 	       179.03904 	               0 	               0 	               0 	               0 	               0 	               0 	       171.53229 	    0.0011878711 	   0.00061139523 	   0.00038048923 	   0.00012575584 	   5.2432246e-05 	   1.7798508e-05 	               0 	    -0.040408235 	    -0.016451988 	   -0.0083306299 	   -0.0044835179 	    -0.005812729 	   -0.0053293707
215000 	       174.27187 	               0 	               0 	               0 	               0 	               0 	               0 	       176.18589 	    0.0027671411 	    0.0013607761 	   0.00084881496 	    0.0003666233 	   0.00012976116 	   6.1165593e-05 	               0 	    -0.037906585 	     -0.01544678 	    -0.007818443 	   -0.0042044597 	   -0.0054467059 	   -0.0049901967
220000 	       152.15373 	               0 	               0 	               0 	               0 	               0 	               0 	       153.20514 	    0.0015462216 	   0.00078065412 	   0.00047449954 	   0.00022630131 	   5.0231927e-05 	   1.4534742e-05 	               0 	    -0.034196182 	    -0.013955874 	   -0.0070587765 	   -0.0037905654 	    -0.004903827 	   -0.0044871397
225000 	       131.27695 	               0 	               0 	               0 	               0 	               0 	               0 	       132.60826 	    0.0011502299 	   0.00057461717 	   0.00037039586 	   0.00016953809 	   2.9693962e-05 	   5.9848019e-06 	               0 	    -0.033222938 	    -0.013564807 	   -0.0068595149 	   -0.0036820004 	   -0.0047614291 	   -0.0043551872
230000 	        130.1686 	               0 	               0 	               0 	               0 	               0 	               0 	       128.80361 	    0.0015007415 	   0.00073891039 	   0.00051219824 	    0.0002010665 	   4.0089995e-05 	   8.4764127e-06 	               0 	    -0.033391607 	    -0.013632581 	   -0.0068940481 	   -0.0037008153 	   -0.0047861075 	   -0.0043780553
235000 	       137.33259 	               0 	               0 	               0 	               0 	               0 	               0 	       136.63811 	   0.00032640792 	   0.00016974533 	    9.650243e-05 	   4.6366228e-05 	   1.0828135e-05 	   2.9657966e-06 	               0 	    -0.034039702 	    -0.013892997 	   -0.0070267387 	   -0.0037731101 	   -0.0048809319 	    -0.004465924
240000 	       142.29512 	               0 	               0 	               0 	               0 	               0 	               0 	        141.9529 	   0.00075756649 	   0.00041540664 	   0.00019558757 	   0.00011096764 	   2.8500178e-05 	   7.1044711e-06 	               0 	    -0.034424158 	    -0.014047478 	   -0.0071054522 	   -0.0038159961 	   -0.0049371827 	   -0.0045180487
245000 	       139.33809 	               0 	               0 	               0 	               0 	               0 	               0 	       140.57043 	   0.00051052708 	     0.000300423 	   0.00012216225 	   6.1446875e-05 	   2.2663599e-05 	   3.8313623e-06 	               0 	    -0.034303069 	    -0.013998823 	   -0.0070806604 	   -0.0038024886 	   -0.0049194658 	   -0.0045016314
250000 	       128.85527 	               0 	               0 	               0 	               0 	               0 	               0 	       129.12811 	    0.0002247415 	   0.00013084774 	   5.3432359e-05 	   2.8725948e-05 	   1.1045399e-05 	   6.9006001e-07 	               0 	    -0.033578891 	    -0.013707835 	   -0.0069323925 	   -0.0037217068 	   -0.0048135095 	   -0.0044034473
255000 	       106.30197 	               0 	               0 	               0 	               0 	               0 	               0 	       109.80646 	   0.00014016402 	   7.3955914e-05 	   4.0909419e-05 	    1.837831e-05 	    6.620876e-06 	   2.9950435e-07 	               0 	    -0.032414769 	     -0.01324007 	   -0.0066940505 	   -0.0035918493 	   -0.0046431836 	   -0.0042456154
260000 	       83.214912 	               0 	               0 	               0 	               0 	               0 	               0 	       85.361148 	   5.1433015e-05 	   2.2584458e-05 	   1.9341974e-05 	    6.556128e-06 	   2.7743549e-06 	   1.7610014e-07 	               0 	    -0.022516373 	   -0.0093120752 	   -0.0046811337 	   -0.0024826067 	   -0.0031721672 	   -0.0028683899
265000 	       77.212233 	               0 	               0 	               0 	               0 	               0 	               0 	       77.400786 	   3.5236099e-05 	    1.641916e-05 	   1.2875059e-05 	   4.1413492e-06 	   1.6909371e-06 	   1.0959307e-07 	               0 	     -0.02106849 	   -0.0089156531 	   -0.0044350244 	   -0.0023011449 	   -0.0028747448 	    -0.002541923
270000 	       72.975131 	               0 	               0 	               0 	               0 	               0 	               0 	       72.938933 	    5.169831e-05 	   2.5961363e-05 	   1.8055372e-05 	   5.3767062e-06 	   2.1544186e-06 	   1.5045039e-07 	               0 	    -0.020813563 	   -0.0088026726 	   -0.0043799753 	   -0.0022738498 	   -0.0028423158 	   -0.0025147494
275000 	       63.775929 	               0 	               0 	               0 	               0 	               0 	               0 	       63.964965 	   4.0260961e-05 	   2.1777844e-05 	   1.2634146e-05 	    4.204569e-06 	   1.4735555e-06 	     1.70847e-07 	               0 	    -0.020529992 	   -0.0086759218 	    -0.004318452 	   -0.0022436064 	     -0.00280674 	   -0.0024852715
280000 	       59.354543 	               0 	               0 	               0 	               0 	               0 	               0 	       59.715928 	   2.5854728e-05 	   1.4975639e-05 	   7.4887658e-06 	   2.4022352e-06 	   8.4788575e-07 	   1.4020175e-07 	               0 	    -0.020081062 	   -0.0084989643 	    -0.004227392 	   -0.0021930932 	   -0.0027394626 	   -0.0024221504
285000 	       56.490354 	               0 	               0 	               0 	               0 	               0 	               0 	       56.613953 	   3.2881668e-05 	   2.0165377e-05 	   8.7681519e-06 	   2.7268912e-06 	    9.975138e-07 	   2.2373405e-07 	               0 	    -0.019797469 	    -0.008377941 	   -0.0041673988 	   -0.0021622104 	   -0.0027012324 	   -0.0023886867
290000 	       52.352219 	               0 	               0 	               0 	               0 	               0 	               0 	       52.728049 	   1.9908046e-05 	   1.2769668e-05 	   4.9258746e-06 	   1.4934776e-06 	   5.6190506e-07 	   1.5712068e-07 	               0 	    -0.019602114 	   -0.0082876442 	   -0.0041242214 	   -0.0021417086 	      -0.0026781 	   -0.0023704395
295000 	       50.116237 	               0 	               0 	               0 	               0 	               0 	               0 	       50.212065 	   2.1078485e-05 	   1.4140543e-05 	   4.8116581e-06 	   1.3719785e-06 	    5.687836e-07 	   1.8552152e-07 	               0 	    -0.019281625 	   -0.0081524469 	   -0.0040568431 	   -0.0021066333 	   -0.0026341699 	    -0.002331532
300000 	       48.082851 	               0 	               0 	               0 	               0 	               0 	               0 	       48.207142 	   1.3718873e-05 	   9.8684557e-06 	    2.881325e-06 	   4.5090208e-07 	     3.79825e-07 	   1.3836481e-07 	               0 	    -0.018765898 	   -0.0079490747 	   -0.0039521982 	   -0.0020486022 	   -0.0025569194 	   -0.0022591034
305000 	       44.395038 	               0 	               0 	               0 	               0 	               0 	               0 	       44.867978 	   1.6253064e-05 	   1.2015456e-05 	   3.1490576e-06 	   4.9599439e-07 	    4.255537e-07 	   1.6700243e-07 	               0 	    -0.018399918 	   -0.0077916917 	   -0.0038744558 	   -0.0020088817 	   -0.0025081383 	   -0.0022167509
310000 	       45.345609 	               0 	               0 	               0 	               0 	               0 	               0 	       46.010833 	   5.4173091e-05 	   4.1017401e-05 	   9.6957917e-06 	   1.5437852e-06 	   1.3491955e-06 	   5.6691807e-07 	               0 	    -0.018758423 	   -0.0079006816 	   -0.0039385268 	   -0.0020528095 	   -0.0025768042 	   -0.0022896008
315000 	       46.227337 	               0 	               0 	               0 	               0 	               0 	               0 	       46.347257 	   7.5383569e-07 	   5.7038038e-07 	   1.3548409e-07 	   2.1385005e-08 	   1.8704213e-08 	   7.8819993e-09 	               0 	    -0.017448654 	   -0.0074712631 	   -0.0036956417 	   -0.0018954021 	   -0.0023403103 	   -0.0020460362
320000 	       43.326195 	               0 	               0 	               0 	               0 	               0 	               0 	       43.305993 	   1.5923818e-07 	   1.2035654e-07 	   2.8763649e-08 	    4.510061e-09 	   3.9448449e-09 	   1.6630769e-09 	               0 	    -0.018279885 	   -0.0077769778 	   -0.0038587273 	   -0.0019916681 	   -0.0024750687 	   -0.0021774435
325000 	       41.687217 	               0 	               0 	               0 	               0 	               0 	               0 	        41.83755 	    4.576945e-07 	   3.4574435e-07 	   8.2881723e-08 	   1.2963592e-08 	   1.1330919e-08 	   4.7739143e-09 	               0 	    -0.019012754 	   -0.0080451486 	   -0.0040019507 	   -0.0020765235 	    -0.002594484 	   -0.0022946472
330000 	       37.767098 	               0 	               0 	               0 	               0 	               0 	               0 	       38.158117 	   4.6445271e-11 	    3.482349e-11 	   9.0647462e-12 	   1.8388709e-12 	   5.0622294e-13 	    2.119407e-13 	               0 	      -0.0191392 	   -0.0080788691 	     -0.00402329 	   -0.0020925446 	   -0.0026208851 	   -0.0023236114
335000 	       37.587811 	               0 	               0 	               0 	               0 	               0 	               0 	       37.630686 	    2.185658e-11 	   1.7911122e-11 	    2.839258e-12 	   7.9551479e-13 	   2.1899735e-13 	   9.1687767e-14 	               0 	    -0.019044588 	   -0.0080324121 	   -0.0040016448 	   -0.0020829139 	   -0.0026109409 	    -0.002316676
340000 	       35.617162 	               0 	               0 	               0 	               0 	               0 	               0 	       35.855857 	    2.093489e-10 	   1.6771413e-10 	   3.0109119e-11 	   8.2885855e-12 	   2.2817655e-12 	   9.5530831e-13 	               0 	    -0.019016727 	   -0.0080133942 	   -0.0039938372 	   -0.0020806656 	   -0.0026104789 	   -0.0023183515
345000 	       35.898633 	               0 	               0 	               0 	               0 	               0 	               0 	       35.873193 	   2.2813673e-11 	   1.8278092e-11 	    3.279579e-12 	   9.0324371e-13 	   2.4865405e-13 	   1.0410416e-13 	               0 	    -0.018884489 	   -0.0079613468 	   -0.0039670404 	   -0.0020657822 	   -0.0025906261 	   -0.0022996935
350000 	       35.365811 	               0 	               0 	               0 	               0 	               0 	               0 	       35.414959 	   9.4120926e-11 	   7.5461966e-11 	   1.3477152e-11 	   3.7264553e-12 	   1.0258563e-12 	   4.2949593e-13 	               0 	    -0.018770874 	   -0.0079171723 	   -0.0039441623 	   -0.0020529341 	   -0.0025733183 	   -0.0022832872
355000 	        35.25896 	               0 	               0 	               0 	               0 	               0 	               0 	       35.253105 	   1.0495742e-10 	   8.4125581e-11 	   1.5053434e-11 	   4.1554962e-12 	    1.143967e-12 	   4.7894542e-13 	               0 	    -0.018266106 	   -0.0077547301 	    -0.003851491 	    -0.001992034 	   -0.0024807836 	    -0.002187067
360000 	        34.30234 	               0 	               0 	               0 	               0 	               0 	               0 	       34.517862 	   2.6917647e-11 	    2.206396e-11 	   3.4913377e-12 	   9.7972267e-13 	   2.6970795e-13 	   1.1291881e-13 	               0 	      -0.0181945 	   -0.0077258399 	   -0.0038367832 	    -0.001984046 	   -0.0024703593 	   -0.0021774718
365000 	       34.434273 	               0 	               0 	               0 	               0 	               0 	               0 	       34.442421 	   7.5107417e-10 	   6.0211778e-10 	   1.0760616e-10 	   2.9736685e-11 	    8.186215e-12 	   3.4273282e-12 	               0 	    -0.018100935 	   -0.0076880412 	   -0.0038175516 	   -0.0019736134 	   -0.0024567603 	   -0.0021649683
370000 	       34.075712 	               0 	               0 	               0 	               0 	               0 	               0 	        34.05907 	   2.2560983e-11 	   1.8079724e-11 	   3.2391684e-12 	   8.9323914e-13 	   2.4589989e-13 	   1.0295107e-13 	               0 	    -0.018015431 	   -0.0076536537 	   -0.0038000171 	   -0.0019640615 	   -0.0024442614 	   -0.0021534369
375000 	        32.54576 	               0 	               0 	               0 	               0 	               0 	               0 	       33.127332 	   5.4914012e-11 	   4.3964109e-11 	    7.926624e-12 	    2.174167e-12 	   5.9852665e-13 	   2.5058556e-13 	               0 	    -0.017920959 	   -0.0076156996 	   -0.0037806534 	   -0.0019535027 	   -0.0024304331 	   -0.0021406701
380000 	       32.487307 	               0 	               0 	               0 	               0 	               0 	               0 	       32.761961 	    4.059289e-11 	   3.2500853e-11 	   5.8572045e-12 	   1.6071622e-12 	   4.4243584e-13 	   1.8523491e-13 	               0 	    -0.017791725 	    -0.007562979 	   -0.0037539524 	   -0.0019391492 	   -0.0024118868 	   -0.0021237576
385000 	       40.162556 	               0 	               0 	               0 	               0 	               0 	               0 	       35.576678 	   7.7330521e-11 	   6.1999292e-11 	   1.1073813e-11 	   3.0616861e-12 	   8.4285187e-13 	   3.5287736e-13 	               0 	    -0.017835634 	   -0.0075788841 	   -0.0037624953 	   -0.0019442557 	   -0.0024191171 	    -0.002130882
390000 	       32.059542 	               0 	               0 	               0 	               0 	               0 	               0 	       32.236917 	    2.957661e-11 	   2.3673176e-11 	   4.2750997e-12 	   1.1710033e-12 	   3.2236562e-13 	   1.3496503e-13 	               0 	    -0.017856886 	   -0.0075880754 	   -0.0037670237 	   -0.0019465564 	   -0.0024219256 	   -0.0021333051
395000 	       32.021528 	               0 	               0 	               0 	               0 	               0 	               0 	       32.143674 	   2.9411177e-11 	   2.4057554e-11 	   3.8650721e-12 	   1.0704798e-12 	   2.9469249e-13 	    1.233791e-13 	               0 	    -0.017626246 	   -0.0074962313 	   -0.0037199608 	   -0.0019206815 	   -0.0023877874 	   -0.0021015847
400000 	       31.831134 	               0 	               0 	               0 	               0 	               0 	               0 	       32.051337 	   4.7655718e-11 	   3.8967941e-11 	   6.2758377e-12 	    1.734527e-12 	   4.7749812e-13 	   1.9991446e-13 	               0 	    -0.017590933 	   -0.0074821591 	   -0.0037127519 	   -0.0019167205 	    -0.002382565 	   -0.0020967359
405000 	       32.019647 	               0 	               0 	               0 	               0 	               0 	               0 	       31.337441 	   2.6216358e-11 	   2.2652597e-11 	   2.2369052e-12 	   9.5419782e-13 	   2.6268121e-13 	   1.0997692e-13 	               0 	    -0.017439455 	   -0.0074199812 	   -0.0036813506 	   -0.0018999373 	   -0.0023610034 	   -0.0020771828
410000 	       32.609107 	               0 	               0 	               0 	               0 	               0 	               0 	        31.35543 	   2.3143683e-11 	    1.972144e-11 	   2.1480723e-12 	   9.1630953e-13 	   2.5225094e-13 	   1.0561007e-13 	               0 	    -0.017334549 	   -0.0073764731 	   -0.0036594855 	   -0.0018883649 	   -0.0023462775 	   -0.0020639484
415000 	       28.452063 	               0 	               0 	               0 	               0 	               0 	               0 	       28.433868 	   1.2396994e-11 	   1.2396994e-11 	   3.2301828e-53 	               0 	               0 	               0 	               0 	    -0.017111192 	   -0.0072836133 	   -0.0036128709 	   -0.0018637502 	   -0.0023150283 	   -0.0020359289
420000 	         28.0892 	               0 	               0 	               0 	               0 	               0 	               0 	       28.070563 	   7.5583198e-12 	   7.5583198e-12 	    1.173932e-37 	               0 	               0 	               0 	               0 	    -0.016982045 	   -0.0072298871 	   -0.0035859079 	   -0.0018495207 	   -0.0022969755 	   -0.0020197536
425000 	       27.786582 	               0 	               0 	               0 	               0 	               0 	               0 	       27.848591 	    7.264163e-12 	    7.264163e-12 	   1.5337374e-37 	               0 	               0 	               0 	               0 	     -0.01692838 	   -0.0072075699 	   -0.0035747056 	   -0.0018436067 	   -0.0022894701 	   -0.0020130272
430000 	       27.166989 	               0 	               0 	               0 	               0 	               0 	               0 	       27.224491 	   1.2794791e-11 	   1.2794791e-11 	    1.517404e-37 	               0 	               0 	               0 	               0 	    -0.016836713 	   -0.0071694186 	   -0.0035555624 	   -0.0018335082 	   -0.0022766645 	   -0.0020015599
435000 	       26.547754 	               0 	               0 	               0 	               0 	               0 	               0 	       26.602326 	   9.3736143e-11 	   9.3736143e-11 	   2.3327824e-36 	               0 	               0 	               0 	               0 	    -0.016737345 	   -0.0071280431 	   -0.0035348051 	   -0.0018225626 	   -0.0022627912 	   -0.0019891427
440000 	       26.642772 	               0 	               0 	               0 	               0 	               0 	               0 	       26.633426 	   5.2387148e-11 	   5.2387148e-11 	               0 	               0 	               0 	               0 	               0 	     -0.01668445 	   -0.0071061884 	   -0.0035237999 	   -0.0018167162 	   -0.0022553276 	   -0.0019824177
445000 	       26.294627 	               0 	               0 	               0 	               0 	               0 	               0 	       26.497997 	   5.8251341e-12 	   5.8251341e-12 	               0 	               0 	               0 	               0 	               0 	    -0.016653335 	    -0.007093652 	   -0.0035174094 	   -0.0018132397 	   -0.0022507894 	   -0.0019782447
450000 	       26.172344 	               0 	               0 	               0 	               0 	               0 	               0 	       26.209501 	   1.9006478e-11 	   1.9006478e-11 	   7.0051628e-37 	               0 	               0 	               0 	               0 	     -0.01658346 	   -0.0070651736 	   -0.0035029729 	   -0.0018054701 	   -0.0022407483 	   -0.0019690956
455000 	       26.040392 	               0 	               0 	               0 	               0 	               0 	               0 	       26.036085 	   1.3955662e-11 	   1.3955662e-11 	   1.5989978e-37 	               0 	               0 	               0 	               0 	    -0.016539105 	   -0.0070466925 	   -0.0034937034 	    -0.001800585 	   -0.0022345611 	   -0.0019635628
460000 	       26.074097 	               0 	               0 	               0 	               0 	               0 	               0 	       26.072472 	   2.1243973e-11 	   2.1243973e-11 	               0 	               0 	               0 	               0 	               0 	    -0.016509501 	   -0.0070342548 	   -0.0034874898 	   -0.0017973366 	   -0.0022304793 	   -0.0019599402
465000 	       25.793705 	               0 	               0 	               0 	               0 	               0 	               0 	       25.825834 	   8.2636581e-12 	   8.2636581e-12 	   7.6014749e-38 	               0 	               0 	               0 	               0 	    -0.016468518 	   -0.0070169137 	   -0.0034788559 	   -0.0017928539 	   -0.0022248854 	   -0.0019550089
470000 	       26.970832 	               0 	               0 	               0 	               0 	               0 	               0 	       25.763021 	   6.1119546e-11 	   6.1119546e-11 	               0 	               0 	               0 	               0 	               0 	    -0.015609242 	   -0.0066926261 	   -0.0033078465 	   -0.0016940718 	   -0.0020893636 	   -0.0018253337
475000 	       26.938242 	               0 	               0 	               0 	               0 	               0 	               0 	        25.28093 	    1.642899e-10 	    1.642899e-10 	               0 	               0 	               0 	               0 	               0 	    -0.016182486 	   -0.0069008171 	   -0.0034198742 	   -0.0017609834 	   -0.0021835586 	    -0.001917253
480000 	        25.10957 	               0 	               0 	               0 	               0 	               0 	               0 	        25.08994 	   1.3306309e-11 	   1.3306309e-11 	               0 	               0 	               0 	               0 	               0 	    -0.016355982 	   -0.0069701302 	   -0.0034553643 	   -0.0017804465 	   -0.0022091389 	   -0.0019409025
485000 	       27.680439 	               0 	               0 	               0 	               0 	               0 	               0 	       25.893958 	   2.6373671e-10 	   2.6373671e-10 	               0 	               0 	               0 	               0 	               0 	     -0.01639336 	   -0.0069858978 	   -0.0034632265 	   -0.0017845407 	   -0.0022142629 	   -0.0019454321
490000 	       23.562029 	               0 	               0 	               0 	               0 	               0 	               0 	       25.030884 	   8.5978526e-11 	   8.5978504e-11 	   2.1837159e-17 	               0 	               0 	               0 	               0 	    -0.015981536 	   -0.0068215014 	   -0.0033790076 	   -0.0017383171 	   -0.0021534814 	   -0.0018892284
495000 	       23.163518 	               0 	               0 	               0 	               0 	               0 	               0 	       22.300479 	   8.4806093e-12 	   8.4806093e-12 	               0 	               0 	               0 	               0 	               0 	     -0.01521011 	   -0.0065324033 	   -0.0032258198 	   -0.0016492277 	   -0.0020308404 	   -0.0017718185
500000 	       24.259069 	               0 	               0 	               0 	               0 	               0 	               0 	       24.266352 	    1.482073e-11 	    1.482073e-11 	               0 	               0 	               0 	               0 	               0 	    -0.015519646 	   -0.0066531333 	    -0.003288551 	     -0.00168445 	   -0.0020778658 	   -0.0018156455
505000 	        24.14397 	               0 	               0 	               0 	               0 	               0 	               0 	       24.121266 	   4.0985993e-11 	   4.0985993e-11 	               0 	               0 	               0 	               0 	               0 	    -0.015203072 	   -0.0065261302 	   -0.0032235125 	   -0.0016488733 	   -0.0020314117 	   -0.0017731446
510000 	       29.906031 	               0 	               0 	               0 	               0 	               0 	               0 	       17.985741 	   6.8323171e-12 	   6.8323171e-12 	               0 	               0 	               0 	               0 	               0 	    -0.015748371 	    -0.006712639 	   -0.0033272408 	   -0.0017140188 	   -0.0021263839 	   -0.0018680887
515000 	       28.984166 	               0 	               0 	               0 	               0 	               0 	               0 	       28.981083 	   3.1284693e-11 	   2.5830395e-11 	   4.0381603e-12 	   6.3111978e-13 	    5.521482e-13 	   2.3286972e-13 	               0 	    -0.016555189 	   -0.0070566372 	    -0.003497909 	   -0.0018019763 	   -0.0022353025 	   -0.0019633643
520000 	       28.789827 	               0 	               0 	               0 	               0 	               0 	               0 	       28.826191 	   4.5943285e-10 	    3.793335e-10 	   5.9302594e-11 	   9.2683395e-12 	   8.1085987e-12 	   3.4198193e-12 	               0 	    -0.016586411 	    -0.007070692 	   -0.0035047062 	   -0.0018052924 	   -0.0022391733 	   -0.0019665476
525000 	       28.479678 	               0 	               0 	               0 	               0 	               0 	   