#  Time[s]  	bnd_inflow[Q [m3/s]] 	bnd_inflow[Qsed tot [m3/s]] 	bnd_outflow[Q [m3/s]] 	bnd_outflow[Qsed tot [m3/s]] 	bnd_inflow_sed[Q [m3/s]] 	bnd_inflow_sed[Qsed tot [m3/s]] 	
0 	              -0 	               0 	               0 	               0 	               0 	               0
1000 	       7.2597756 	               0 	       7.3087902 	               0 	               0 	   -0.0014849391
2000 	       7.0130876 	               0 	       7.1731923 	               0 	               0 	   -0.0017657865
3000 	       6.8821982 	               0 	       6.9873779 	               0 	               0 	   -0.0021263366
4000 	       6.7567115 	               0 	       6.8558653 	               0 	               0 	   -0.0022398334
5000 	       6.6376684 	               0 	       6.7266195 	               0 	               0 	   -0.0023733145
6000 	       6.6573732 	               0 	       6.6483982 	               0 	               0 	   -0.0025416579
7000 	       6.7125927 	               0 	       6.6800394 	               0 	               0 	   -0.0020646518
8000 	       6.7326739 	               0 	       6.7255241 	               0 	               0 	   -0.0020646518
9000 	       6.7326739 	               0 	       6.7330142 	               0 	               0 	   -0.0020646518
10000 	       6.7326739 	               0 	        6.734102 	               0 	               0 	   -0.0020646518
11000 	       6.7326739 	               0 	       6.7335288 	               0 	               0 	   -0.0020646518
12000 	       6.7326739 	               0 	       6.7334187 	               0 	               0 	   -0.0020646518
13000 	       6.7326739 	               0 	       6.7340765 	               0 	               0 	   -0.0020646518
14000 	       6.7326739 	               0 	        6.734875 	               0 	               0 	   -0.0020646518
15000 	       6.7326739 	               0 	       6.7332633 	               0 	               0 	   -0.0020646518
16000 	       6.9517479 	               0 	       6.7852433 	               0 	               0 	   -0.0020646518
17000 	       7.2755126 	               0 	       7.0486591 	               0 	               0 	   -0.0020646518
18000 	       7.4211034 	               0 	       7.3239747 	               0 	               0 	   -0.0020646518
19000 	       7.4881578 	               0 	       7.4299375 	               0 	               0 	   -0.0020646518
20000 	       7.4160993 	               0 	       7.4750137 	               0 	               0 	   -0.0020646518
21000 	       7.2597631 	               0 	        7.366435 	               0 	               0 	   -0.0020646518
22000 	       7.1084462 	               0 	       7.2165554 	               0 	               0 	   -0.0020646518
23000 	       6.9614355 	               0 	       7.0682177 	               0 	               0 	   -0.0020646518
24000 	        6.814441 	               0 	       6.9220332 	               0 	               0 	   -0.0020646518
25000 	       6.8008002 	               0 	       6.8179811 	               0 	               0 	   -0.0020646518
26000 	       6.8054614 	               0 	       6.8040216 	               0 	               0 	   -0.0020646518
27000 	       6.8111984 	               0 	       6.8064995 	               0 	               0 	   -0.0020646518
28000 	       6.8162178 	               0 	       6.8113344 	               0 	               0 	   -0.0020646518
29000 	       6.8212375 	               0 	       6.8151798 	               0 	               0 	   -0.0020646518
30000 	       6.8262576 	               0 	        6.819645 	               0 	               0 	   -0.0020646518
31000 	       7.0248851 	               0 	       6.8797033 	               0 	               0 	   -0.0020646518
32000 	        7.298475 	               0 	       7.1071831 	               0 	               0 	   -0.0020646518
33000 	       7.5835212 	               0 	       7.3762307 	               0 	               0 	   -0.0020646518
34000 	       7.7355798 	               0 	       7.6545848 	               0 	               0 	   -0.0020646518
35000 	       7.6301455 	               0 	       7.6623039 	               0 	               0 	   -0.0020646518
36000 	       7.6577576 	               0 	       7.6455262 	               0 	               0 	   -0.0020646518
37000 	       7.6853658 	               0 	       7.6673297 	               0 	               0 	   -0.0020646518
38000 	       7.7129742 	               0 	       7.6940115 	               0 	               0 	   -0.0020646518
39000 	       7.6738973 	               0 	       7.7071786 	               0 	               0 	   -0.0020646518
40000 	       7.6441257 	               0 	       7.6523712 	               0 	               0 	   -0.0020646518
41000 	        7.723015 	               0 	       7.6751985 	               0 	               0 	   -0.0020646518
42000 	       7.8018964 	               0 	       7.7470575 	               0 	               0 	   -0.0020646518
43000 	       7.8883053 	               0 	       7.8236017 	               0 	               0 	   -0.0020646518
44000 	       8.4179021 	               0 	       8.0807622 	               0 	               0 	   -0.0020646518
45000 	       8.4236415 	               0 	       8.3834556 	               0 	               0 	   -0.0020646518
46000 	         8.41396 	               0 	       8.4166169 	               0 	               0 	   -0.0020646518
47000 	       8.4042797 	               0 	       8.4115407 	               0 	               0 	   -0.0020646518
48000 	       8.3935223 	               0 	       8.4001474 	               0 	               0 	   -0.0020646518
49000 	       8.3838419 	               0 	        8.390323 	               0 	               0 	   -0.0020646518
50000 	       8.3741603 	               0 	       8.3827551 	               0 	               0 	   -0.0020646518
51000 	       8.3666304 	               0 	         8.37242 	               0 	               0 	   -0.0020646518
52000 	       8.6993419 	               0 	       8.4863939 	               0 	               0 	   -0.0020646518
53000 	       8.8736338 	               0 	       8.7796271 	               0 	               0 	   -0.0020646518
54000 	       8.8603672 	               0 	       8.8574045 	               0 	               0 	   -0.0020646518
55000 	        8.847101 	               0 	       8.8549661 	               0 	               0 	   -0.0020646518
56000 	       8.8338344 	               0 	       8.8436836 	               0 	               0 	   -0.0020646518
57000 	       8.8205672 	               0 	       8.8303658 	               0 	               0 	   -0.0020646518
58000 	       8.8065829 	               0 	       8.8173014 	               0 	               0 	   -0.0020646518
59000 	       8.8976502 	               0 	       8.8298712 	               0 	               0 	   -0.0020646518
60000 	        9.043228 	               0 	       8.9463833 	               0 	               0 	   -0.0020646518
61000 	       9.1880848 	               0 	       9.0899852 	               0 	               0 	   -0.0020646518
62000 	       9.3332965 	               0 	       9.2347007 	               0 	               0 	   -0.0020646518
63000 	       10.339417 	               0 	       9.6388948 	               0 	               0 	   -0.0020646518
64000 	       10.083796 	               0 	       10.143055 	               0 	               0 	   -0.0020646518
65000 	       10.326131 	               0 	       10.132426 	               0 	               0 	   -0.0020646518
66000 	       10.736328 	               0 	        10.49427 	               0 	               0 	   -0.0020646518
67000 	       10.919574 	               0 	       10.778251 	               0 	               0 	   -0.0020646518
68000 	       11.103154 	               0 	       10.970832 	               0 	               0 	   -0.0020646518
69000 	       10.900974 	               0 	       11.083636 	               0 	               0 	   -0.0020646518
70000 	       10.480696 	               0 	       10.722938 	               0 	               0 	   -0.0020646518
71000 	        10.48823 	               0 	       10.529144 	               0 	               0 	   -0.0020646518
72000 	        9.365978 	               0 	       10.078958 	               0 	               0 	   -0.0020646518
73000 	       11.287728 	               0 	       10.131054 	               0 	               0 	   -0.0020646518
74000 	       12.992443 	               0 	        12.10804 	               0 	               0 	   -0.0020646518
75000 	       11.846456 	               0 	       12.384855 	               0 	               0 	   -0.0020646518
76000 	        10.91348 	               0 	       11.420117 	               0 	               0 	   -0.0020646518
77000 	       10.896985 	               0 	       10.948895 	               0 	               0 	   -0.0020646518
78000 	       11.772226 	               0 	       11.421425 	               0 	               0 	   -0.0020646518
79000 	       12.055038 	               0 	        11.83027 	               0 	               0 	   -0.0020646518
80000 	       13.945034 	               0 	       12.745057 	               0 	               0 	   -0.0020646518
81000 	       14.912127 	               0 	       14.299749 	               0 	               0 	   -0.0020646518
82000 	        14.93401 	               0 	       14.859391 	               0 	               0 	   -0.0020646518
83000 	       14.219131 	               0 	       14.708971 	               0 	               0 	   -0.0020646518
84000 	       13.525587 	               0 	       13.864682 	               0 	               0 	   -0.0020646518
85000 	       13.562515 	               0 	       13.582983 	               0 	               0 	   -0.0020646518
86000 	       13.599447 	               0 	       13.588344 	               0 	               0 	   -0.0020646518
87000 	       13.636379 	               0 	         13.6097 	               0 	               0 	   -0.0020646518
88000 	       13.645348 	               0 	       13.640206 	               0 	               0 	   -0.0020646518
89000 	        13.60698 	               0 	       13.634258 	               0 	               0 	   -0.0020646518
90000 	       13.567541 	               0 	       13.599082 	               0 	               0 	   -0.0020646518
91000 	       13.529173 	               0 	       13.561625 	               0 	               0 	   -0.0020646518
92000 	       13.355282 	               0 	       13.487051 	               0 	               0 	   -0.0020646518
93000 	        13.08026 	               0 	       13.253695 	               0 	               0 	   -0.0020646518
94000 	       12.807043 	               0 	       12.967104 	               0 	               0 	   -0.0020646518
95000 	       12.630628 	               0 	       12.732852 	               0 	               0 	   -0.0020646518
96000 	       12.481115 	               0 	        12.59783 	               0 	               0 	   -0.0020646518
97000 	       12.466042 	               0 	       12.491299 	               0 	               0 	   -0.0020646518
98000 	       12.466042 	               0 	       12.482259 	               0 	               0 	   -0.0020646518
99000 	       12.466042 	               0 	       12.497642 	               0 	               0 	   -0.0020646518
100000 	       12.466042 	               0 	       12.475682 	               0 	               0 	   -0.0020646518
101000 	       12.466042 	               0 	       12.461026 	               0 	               0 	   -0.0020646518
102000 	       12.466042 	               0 	       12.448974 	               0 	               0 	   -0.0020646518
103000 	       12.541674 	               0 	       12.459869 	               0 	               0 	   -0.0020646518
104000 	       12.844309 	               0 	       12.638672 	               0 	               0 	   -0.0020646518
105000 	       12.961932 	               0 	       12.919004 	               0 	               0 	   -0.0020646518
106000 	       12.941477 	               0 	       12.948702 	               0 	               0 	   -0.0020646518
107000 	       14.394734 	               0 	       13.817909 	               0 	               0 	   -0.0020646518
108000 	       14.396885 	               0 	       14.332891 	               0 	               0 	   -0.0020646518
109000 	       14.972713 	               0 	       14.623144 	               0 	               0 	   -0.0020646518
110000 	       14.713913 	               0 	       14.967324 	               0 	               0 	   -0.0020646518
111000 	        14.52167 	               0 	       14.633173 	               0 	               0 	   -0.0020646518
112000 	       13.256623 	               0 	       14.391381 	               0 	               0 	   -0.0020646518
113000 	       9.7601329 	               0 	       11.436759 	               0 	               0 	   -0.0020646518
114000 	       17.533052 	               0 	        10.94824 	               0 	               0 	   -0.0020646518
115000 	       18.963802 	               0 	       17.145916 	   1.5006832e-05 	               0 	   -0.0020646518
116000 	       25.038677 	               0 	       21.934393 	   5.8494732e-05 	               0 	   -0.0020646518
117000 	        20.52401 	               0 	       22.358671 	   0.00018839773 	               0 	   -0.0020646518
118000 	       19.877543 	               0 	       20.645171 	   4.2568862e-05 	               0 	   -0.0020646518
119000 	       19.471003 	               0 	       19.321434 	   1.3205241e-05 	               0 	   -0.0020646518
120000 	       22.378417 	               0 	       21.324612 	    5.261212e-05 	               0 	   -0.0020646518
121000 	       18.548634 	               0 	        20.15151 	   2.2102767e-05 	               0 	   -0.0020646518
122000 	       17.416793 	               0 	       18.372734 	   4.8758868e-06 	               0 	   -0.0020646518
123000 	       15.682333 	               0 	       16.709427 	               0 	               0 	   -0.0020646518
124000 	       18.094351 	               0 	       17.562476 	   9.7908379e-06 	               0 	   -0.0020646518
125000 	       20.081089 	               0 	       18.237382 	   5.4750611e-05 	               0 	   -0.0020646518
126000 	       21.248988 	               0 	       20.908272 	   2.9784865e-05 	               0 	   -0.0020646518
127000 	       21.327477 	               0 	       21.230408 	   3.7220051e-05 	               0 	   -0.0020646518
128000 	       20.348295 	               0 	       21.047369 	   0.00010042697 	               0 	   -0.0020646518
129000 	        22.41608 	               0 	       21.534037 	   2.9420104e-05 	               0 	   -0.0020646518
130000 	       23.952837 	               0 	       22.738327 	   9.4599741e-05 	               0 	   -0.0020646518
131000 	       24.047877 	               0 	       23.893388 	   0.00011315349 	               0 	   -0.0020646518
132000 	       25.509579 	               0 	       24.210358 	   0.00013569294 	               0 	   -0.0020646518
133000 	       28.810257 	               0 	        27.68811 	   0.00013721662 	               0 	   -0.0020646518
134000 	       29.931458 	               0 	       28.758444 	     0.001500853 	               0 	   -0.0020646518
135000 	       34.448593 	               0 	       32.109413 	    0.0032240892 	               0 	   -0.0020646518
136000 	       41.444208 	               0 	       37.518996 	   0.00092089012 	               0 	   -0.0020646518
137000 	       48.411667 	               0 	       45.638106 	      0.00154444 	               0 	   -0.0020646518
138000 	       42.020003 	               0 	       42.135056 	   0.00053883795 	               0 	   -0.0020646518
139000 	       40.647817 	               0 	       42.330249 	    0.0020046452 	               0 	   -0.0020646518
140000 	       48.639336 	               0 	       42.694076 	   0.00093201326 	               0 	   -0.0020646518
141000 	       64.257888 	               0 	         59.8853 	    0.0033713974 	               0 	   -0.0020646518
142000 	       62.790333 	               0 	        61.62201 	    0.0024615423 	               0 	   -0.0020646518
143000 	        72.08379 	               0 	       67.966014 	    0.0025690165 	               0 	   -0.0020646518
144000 	       76.298989 	               0 	       75.083025 	    0.0020003108 	               0 	   -0.0020646518
145000 	       77.797011 	               0 	       76.883516 	    0.0084080042 	               0 	   -0.0020646518
146000 	       79.530324 	               0 	       78.935564 	     0.002735791 	               0 	   -0.0020646518
147000 	       78.497719 	               0 	       78.885922 	    0.0018608991 	               0 	   -0.0020646518
148000 	       77.391518 	               0 	       77.885715 	    0.0075520032 	               0 	   -0.0020646518
149000 	       80.283807 	               0 	        78.78774 	    0.0016242825 	               0 	   -0.0020646518
150000 	       81.128792 	               0 	       80.903076 	    0.0022879121 	               0 	   -0.0020646518
151000 	       79.943026 	               0 	       80.704716 	      0.04617211 	               0 	   -0.0020646518
152000 	       76.127585 	               0 	       77.292304 	     0.061104359 	               0 	   -0.0020646518
153000 	       75.395491 	               0 	       76.112383 	    0.0018021737 	               0 	   -0.0020646518
154000 	       74.672538 	               0 	       74.550863 	     0.007189576 	               0 	   -0.0020646518
155000 	       69.777167 	               0 	       72.374109 	    0.0097589986 	               0 	   -0.0020646518
156000 	       69.272663 	               0 	       69.537024 	   0.00071509058 	               0 	   -0.0020646518
157000 	       65.792746 	               0 	       66.848214 	   0.00081007457 	               0 	   -0.0020646518
158000 	       67.746761 	               0 	       67.504225 	   0.00051217039 	               0 	   -0.0020646518
159000 	       63.645835 	               0 	       65.142947 	   0.00080611899 	               0 	   -0.0020646518
160000 	       66.259528 	               0 	       65.302748 	   0.00042710315 	               0 	   -0.0020646518
161000 	       65.714408 	               0 	       66.306383 	   0.00053478296 	               0 	   -0.0020646518
162000 	       63.379052 	               0 	       64.326683 	   0.00067950532 	               0 	   -0.0020646518
163000 	       63.062346 	               0 	       64.131286 	   0.00039444174 	               0 	   -0.0020646518
164000 	       60.523799 	               0 	        61.26065 	   0.00076287617 	               0 	   -0.0020646518
165000 	       62.529132 	               0 	       61.622056 	    0.0004070058 	               0 	   -0.0020646518
166000 	       66.609721 	               0 	       64.647369 	   0.00035425022 	               0 	   -0.0020646518
167000 	       68.163272 	               0 	       67.973812 	    0.0034629613 	               0 	   -0.0020646518
168000 	       68.412094 	               0 	       68.247957 	   0.00055237106 	               0 	   -0.0020646518
169000 	       66.160248 	               0 	       66.439068 	     0.001185455 	               0 	   -0.0020646518
170000 	       71.517861 	               0 	       69.453028 	     0.001382236 	               0 	   -0.0020646518
171000 	       70.607534 	               0 	       70.655786 	   0.00054582615 	               0 	   -0.0020646518
172000 	       75.465608 	               0 	       73.941773 	    0.0012709749 	               0 	   -0.0020646518
173000 	        78.01854 	               0 	       76.798739 	    0.0012850851 	               0 	   -0.0020646518
174000 	       80.571468 	               0 	       79.385421 	    0.0012205814 	               0 	   -0.0020646518
175000 	       83.017982 	               0 	       81.935536 	    0.0019118671 	               0 	   -0.0020646518
176000 	       81.385866 	               0 	       82.163328 	     0.028982185 	               0 	   -0.0020646518
177000 	       79.911075 	               0 	       80.205129 	    0.0015795176 	               0 	   -0.0020646518
178000 	       78.677343 	               0 	       79.439675 	    0.0015654689 	               0 	   -0.0020646518
179000 	       78.929736 	               0 	       79.533618 	   0.00084397819 	               0 	   -0.0020646518
180000 	       79.346191 	               0 	       78.387614 	   0.00088431848 	               0 	   -0.0020646518
181000 	       79.899735 	               0 	       80.410232 	    0.0019193028 	               0 	   -0.0020646518
182000 	       78.986188 	               0 	       78.461642 	    0.0010439622 	               0 	   -0.0020646518
183000 	       83.775938 	               0 	       81.835636 	    0.0025150141 	               0 	   -0.0020646518
184000 	       87.469725 	               0 	       85.782978 	    0.0011872468 	               0 	   -0.0020646518
185000 	       91.170103 	               0 	       89.518853 	    0.0018142248 	               0 	   -0.0020646518
186000 	       96.663507 	               0 	       93.783172 	    0.0029666912 	               0 	   -0.0020646518
187000 	       103.60331 	               0 	       101.75491 	     0.018062377 	               0 	   -0.0020646518
188000 	       100.66826 	               0 	       101.63217 	     0.001988798 	               0 	   -0.0020646518
189000 	       97.261905 	               0 	       98.696964 	    0.0028819833 	               0 	   -0.0020646518
190000 	       107.17419 	               0 	       101.79145 	     0.087609582 	               0 	   -0.0020646518
191000 	       120.16375 	               0 	       115.24183 	    0.0037151853 	               0 	   -0.0020646518
192000 	       130.44621 	               0 	       126.03403 	    0.0051396694 	               0 	   -0.0020646518
193000 	       139.29091 	               0 	       135.55541 	    0.0079360776 	               0 	   -0.0020646518
194000 	       148.10311 	               0 	       144.43366 	    0.0053600334 	               0 	   -0.0020646518
195000 	       160.54063 	               0 	       155.31629 	     0.021226135 	               0 	   -0.0020646518
196000 	       168.74659 	               0 	       167.10894 	    0.0074304425 	               0 	   -0.0020646518
197000 	       174.26493 	               0 	       172.00408 	     0.009166921 	               0 	   -0.0020646518
198000 	       176.60925 	               0 	       175.63066 	      0.19109027 	               0 	   -0.0020646518
199000 	       174.88513 	               0 	         174.647 	     0.013912199 	               0 	   -0.0020646518
200000 	       179.48937 	               0 	       179.59318 	    0.0093834942 	               0 	   -0.0020646518
201000 	       176.40364 	               0 	       176.37415 	    0.0068638691 	               0 	   -0.0020646518
202000 	       170.92998 	               0 	       172.48262 	    0.0083921925 	               0 	   -0.0020646518
203000 	       152.64731 	               0 	       162.18098 	    0.0046559281 	               0 	   -0.0020646518
204000 	       166.42354 	               0 	       155.57667 	     0.006332058 	               0 	   -0.0020646518
205000 	       160.91264 	               0 	       158.07063 	     0.011228086 	               0 	   -0.0020646518
206000 	       164.01322 	               0 	       162.51316 	     0.007530097 	               0 	   -0.0020646518
207000 	       172.26335 	               0 	       168.83167 	     0.014190136 	               0 	   -0.0020646518
208000 	       175.43406 	               0 	       175.39145 	    0.0093107229 	               0 	   -0.0020646518
209000 	       168.94656 	               0 	       171.21494 	     0.019775768 	               0 	   -0.0020646518
210000 	       179.03933 	               0 	       171.84927 	    0.0066295683 	               0 	   -0.0020646518
211000 	       178.84521 	               0 	       179.19033 	     0.015406486 	               0 	   -0.0020646518
212000 	       184.85903 	               0 	       181.94277 	    0.0059620276 	               0 	   -0.0020646518
213000 	       185.34502 	               0 	       186.54625 	     0.013905848 	               0 	   -0.0020646518
214000 	       178.77431 	               0 	       179.43592 	     0.010386974 	               0 	   -0.0020646518
215000 	       174.27183 	               0 	       175.94974 	     0.048669763 	               0 	   -0.0020646518
216000 	        168.1685 	               0 	       170.69192 	     0.022128276 	               0 	   -0.0020646518
217000 	       160.69226 	               0 	       163.07313 	    0.0064786127 	               0 	   -0.0020646518
218000 	       157.26756 	               0 	       158.46132 	    0.0067077238 	               0 	   -0.0020646518
219000 	       154.67731 	               0 	       155.67978 	    0.0079622101 	               0 	   -0.0020646518
220000 	       152.15375 	               0 	        153.0928 	     0.010455998 	               0 	   -0.0020646518
221000 	       147.47711 	               0 	        149.3657 	     0.010570808 	               0 	   -0.0020646518
222000 	       143.14706 	               0 	       144.35974 	     0.014428174 	               0 	   -0.0020646518
223000 	       139.32015 	               0 	       141.99732 	      0.12484721 	               0 	   -0.0020646518
224000 	       134.27305 	               0 	       135.39221 	      0.16858659 	               0 	   -0.0020646518
225000 	       131.27702 	               0 	       132.57534 	    0.0054755116 	               0 	   -0.0020646518
226000 	       127.96921 	               0 	       129.09222 	      0.15519528 	               0 	   -0.0020646518
227000 	       126.76366 	               0 	        126.5872 	    0.0081084313 	               0 	   -0.0020646518
228000 	       126.61941 	               0 	       127.31098 	    0.0042022592 	               0 	   -0.0020646518
229000 	       125.69257 	               0 	       125.03369 	    0.0054579187 	               0 	   -0.0020646518
230000 	       130.16858 	               0 	       128.79756 	     0.012590455 	               0 	   -0.0020646518
231000 	       133.24428 	               0 	       131.82289 	    0.0081963434 	               0 	   -0.0020646518
232000 	       134.49465 	               0 	        134.4047 	     0.018783525 	               0 	   -0.0020646518
233000 	       133.33255 	               0 	       133.68056 	     0.095936734 	               0 	   -0.0020646518
234000 	        135.4559 	               0 	       134.46466 	     0.011860307 	               0 	   -0.0020646518
235000 	       137.33256 	               0 	       136.48989 	    0.0029617112 	               0 	   -0.0020646518
236000 	       134.64939 	               0 	       136.29568 	    0.0027844836 	               0 	   -0.0020646518
237000 	       135.34944 	               0 	       135.06885 	     0.053943563 	               0 	   -0.0020646518
238000 	       135.68432 	               0 	       135.41769 	    0.0049217201 	               0 	   -0.0020646518
239000 	       139.95682 	               0 	       138.15139 	    0.0044590689 	               0 	   -0.0020646518
240000 	       142.29512 	               0 	        141.8774 	     0.012081368 	               0 	   -0.0020646518
241000 	       140.68942 	               0 	       140.87464 	     0.008691517 	               0 	   -0.0020646518
242000 	       144.46077 	               0 	       143.20253 	    0.0055774331 	               0 	   -0.0020646518
243000 	       142.57263 	               0 	       143.02273 	      0.12425114 	               0 	   -0.0020646518
244000 	       142.92075 	               0 	       142.74369 	    0.0033046529 	               0 	   -0.0020646518
245000 	       139.33808 	               0 	       140.82933 	    0.0081763201 	               0 	   -0.0020646518
246000 	        132.8079 	               0 	       136.14906 	     0.003209208 	               0 	   -0.0020646518
247000 	       129.92803 	               0 	       131.45032 	     0.022882995 	               0 	   -0.0020646518
248000 	       127.57013 	               0 	       128.48068 	     0.070329562 	               0 	   -0.0020646518
249000 	        129.1922 	               0 	       128.48479 	    0.0025297352 	               0 	   -0.0020646518
250000 	       128.85528 	               0 	       128.93744 	    0.0037238438 	               0 	   -0.0020646518
251000 	       125.39013 	               0 	       126.50423 	    0.0069614638 	               0 	   -0.0020646518
252000 	        123.6321 	               0 	       124.10729 	    0.0055877094 	               0 	   -0.0020646518
253000 	       117.64951 	               0 	       119.57122 	     0.028938673 	               0 	   -0.0020646518
254000 	       114.92772 	               0 	       116.19825 	     0.006477813 	               0 	   -0.0020646518
255000 	       106.30206 	               0 	       110.06552 	    0.0032983954 	               0 	   -0.0020646518
256000 	        95.79392 	               0 	       100.01643 	    0.0077721357 	               0 	   -0.0020646518
257000 	       96.517074 	               0 	        96.40791 	    0.0024820985 	               0 	   -0.0020646518
258000 	       93.024732 	               0 	       94.313206 	    0.0067709967 	               0 	   -0.0020646518
259000 	       90.686895 	               0 	       92.118781 	    0.0012627365 	               0 	   -0.0020646518
260000 	       83.214936 	               0 	       85.582728 	    0.0010790442 	               0 	   -0.0020646518
261000 	       81.352613 	               0 	       82.390497 	    0.0007249304 	               0 	   -0.0020646518
262000 	       80.022518 	               0 	       80.319055 	   0.00064860198 	               0 	   -0.0020646518
263000 	       79.015876 	               0 	       80.173448 	    0.0013042837 	               0 	   -0.0020646518
264000 	       77.416609 	               0 	       77.967262 	    0.0018464753 	               0 	   -0.0020646518
265000 	       77.212232 	               0 	       77.428695 	    0.0010895679 	               0 	   -0.0020646518
266000 	       76.556076 	               0 	       77.205505 	    0.0018712881 	               0 	   -0.0020646518
267000 	       75.650358 	               0 	       76.208864 	    0.0016101866 	               0 	   -0.0020646518
268000 	       74.025052 	               0 	       75.073599 	     0.001014329 	               0 	   -0.0020646518
269000 	       72.389621 	               0 	       73.127426 	   0.00070566309 	               0 	   -0.0020646518
270000 	       72.975133 	               0 	       72.862019 	   0.00066157364 	               0 	   -0.0020646518
271000 	       69.079096 	               0 	       70.519812 	   0.00069619271 	               0 	   -0.0020646518
272000 	       67.846661 	               0 	       68.132523 	   0.00030346413 	               0 	   -0.0020646518
273000 	       65.637954 	               0 	       66.608727 	   0.00059986973 	               0 	   -0.0020646518
274000 	       64.077127 	               0 	       64.497899 	   0.00012476714 	               0 	   -0.0020646518
275000 	       63.775931 	               0 	        63.88322 	   0.00021567327 	               0 	   -0.0020646518
276000 	       63.635009 	               0 	       63.558674 	   0.00018322302 	               0 	   -0.0020646518
277000 	       63.062409 	               0 	       63.412129 	   0.00031336389 	               0 	   -0.0020646518
278000 	       61.682007 	               0 	         62.2903 	   0.00022582586 	               0 	   -0.0020646518
279000 	       60.302598 	               0 	       60.667508 	   0.00035105362 	               0 	   -0.0020646518
280000 	       59.354556 	               0 	       59.960923 	    0.0002040693 	               0 	   -0.0020646518
281000 	       58.646762 	               0 	       59.521196 	    0.0001577189 	               0 	   -0.0020646518
282000 	       57.953307 	               0 	       58.081095 	   6.5585418e-05 	               0 	   -0.0020646518
283000 	       57.276672 	               0 	       57.796151 	    0.0024633445 	               0 	   -0.0020646518
284000 	       56.713382 	               0 	       56.527493 	   6.7581366e-05 	               0 	   -0.0020646518
285000 	       56.490356 	               0 	       57.093037 	   0.00011972401 	               0 	   -0.0020646518
286000 	       55.444446 	               0 	       56.175115 	   0.00020515908 	               0 	   -0.0020646518
287000 	       54.127453 	               0 	       54.091864 	   2.4611891e-05 	               0 	   -0.0020646518
288000 	       54.264767 	               0 	       53.725766 	   4.5110756e-05 	               0 	   -0.0020646518
289000 	       53.451233 	               0 	       53.635069 	   6.1934619e-05 	               0 	   -0.0020646518
290000 	       52.352224 	               0 	       52.346717 	   4.8210576e-05 	               0 	   -0.0020646518
291000 	       53.561235 	               0 	       52.900337 	   7.7358797e-05 	               0 	   -0.0020646518
292000 	       52.638402 	               0 	       53.237598 	   6.8655649e-05 	               0 	   -0.0020646518
293000 	       50.862767 	               0 	       51.059357 	   9.4246569e-05 	               0 	   -0.0020646518
294000 	       50.332114 	               0 	       50.758146 	    1.921537e-05 	               0 	   -0.0020646518
295000 	       50.116238 	               0 	       50.627892 	   5.3748836e-05 	               0 	   -0.0020646518
296000 	       50.033051 	               0 	       50.029008 	   0.00012110976 	               0 	   -0.0020646518
297000 	       49.628624 	               0 	       50.069925 	   3.0567847e-05 	               0 	   -0.0020646518
298000 	       48.962044 	               0 	        48.86294 	   5.1885667e-05 	               0 	   -0.0020646518
299000 	        48.34677 	               0 	       48.433641 	   3.2517178e-05 	               0 	   -0.0020646518
300000 	       48.082855 	               0 	       48.200744 	   2.9597559e-05 	               0 	   -0.0020646518
301000 	       47.712841 	               0 	       48.082453 	   5.3662716e-05 	               0 	   -0.0020646518
302000 	       46.727857 	               0 	       46.747357 	   3.0455168e-05 	               0 	   -0.0020646518
303000 	       46.894213 	               0 	       47.223237 	   4.2818813e-05 	               0 	   -0.0020646518
304000 	       46.470423 	               0 	       46.265618 	   0.00016852764 	               0 	   -0.0020646518
305000 	       44.395053 	               0 	       44.352462 	   0.00023938542 	               0 	   -0.0020646518
306000 	       46.411217 	               0 	       46.533748 	    0.0003981024 	               0 	   -0.0020646518
307000 	       46.472555 	               0 	       46.672014 	    0.0018453518 	               0 	   -0.0020646518
308000 	       45.612738 	               0 	       45.999975 	   0.00023051573 	               0 	   -0.0020646518
309000 	       46.284278 	               0 	       45.890048 	   9.2317983e-05 	               0 	   -0.0020646518
310000 	       45.345617 	               0 	       46.001135 	   0.00022205267 	               0 	   -0.0020646518
311000 	       45.963358 	               0 	       45.582703 	   6.1835244e-05 	               0 	   -0.0020646518
312000 	       45.052724 	               0 	       45.508466 	   4.5264998e-05 	               0 	   -0.0020646518
313000 	       42.830704 	               0 	       44.098031 	   0.00016672248 	               0 	   -0.0020646518
314000 	       44.929072 	               0 	       43.467191 	   3.7020324e-05 	               0 	   -0.0020646518
315000 	       46.227355 	               0 	       46.213323 	   8.3500778e-05 	               0 	   -0.0020646518
316000 	       44.157068 	               0 	       45.064774 	   4.7319347e-05 	               0 	   -0.0020646518
317000 	       44.874785 	               0 	       44.157095 	   0.00019704592 	               0 	   -0.0020646518
318000 	       42.663578 	               0 	       43.898487 	    0.0015971989 	               0 	   -0.0020646518
319000 	       43.065865 	               0 	        42.87316 	   9.8744564e-05 	               0 	   -0.0020646518
320000 	       43.326197 	               0 	       43.268897 	   3.8588804e-05 	               0 	   -0.0020646518
321000 	       40.110927 	               0 	       40.903882 	    4.814916e-05 	               0 	   -0.0020646518
322000 	       42.476948 	               0 	       41.186237 	   5.1057048e-05 	               0 	   -0.0020646518
323000 	       45.053475 	               0 	       44.939759 	   3.4463334e-05 	               0 	   -0.0020646518
324000 	       42.064476 	               0 	       43.383171 	   6.9100445e-05 	               0 	   -0.0020646518
325000 	       41.687219 	               0 	       41.900421 	   2.2113806e-05 	               0 	   -0.0020646518
326000 	       41.193858 	               0 	       41.501298 	   4.5840575e-05 	               0 	   -0.0020646518
327000 	       40.321827 	               0 	       40.688215 	   0.00013191594 	               0 	   -0.0020646518
328000 	         39.4699 	               0 	       39.889833 	   3.9901728e-05 	               0 	   -0.0020646518
329000 	       38.618351 	               0 	       39.074417 	   1.2425558e-05 	               0 	   -0.0020646518
330000 	       37.767112 	               0 	       38.208819 	   1.8512974e-05 	               0 	   -0.0020646518
331000 	       37.859587 	               0 	       37.802712 	   3.0933783e-05 	               0 	   -0.0020646518
332000 	       37.844178 	               0 	        37.90633 	   6.3138584e-05 	               0 	   -0.0020646518
333000 	       37.565935 	               0 	       37.632206 	   2.7762854e-05 	               0 	   -0.0020646518
334000 	       37.599278 	               0 	       37.596432 	   0.00015660268 	               0 	   -0.0020646518
335000 	       37.587806 	               0 	       37.592671 	   3.8543363e-05 	               0 	   -0.0020646518
336000 	       36.766713 	               0 	       37.100754 	   1.3313912e-05 	               0 	   -0.0020646518
337000 	       36.582763 	               0 	       36.686967 	   3.0613356e-05 	               0 	   -0.0020646518
338000 	       36.398832 	               0 	       36.481424 	   3.8320405e-06 	               0 	   -0.0020646518
339000 	       36.167551 	               0 	       36.296011 	   0.00012869339 	               0 	   -0.0020646518
340000 	        35.61718 	               0 	       35.923729 	   5.8213241e-06 	               0 	   -0.0020646518
341000 	       35.867051 	               0 	       35.653866 	   3.2302342e-06 	               0 	   -0.0020646518
342000 	         36.3106 	               0 	       36.041969 	   5.5040706e-06 	               0 	   -0.0020646518
343000 	        35.57058 	               0 	       35.975884 	   4.8259615e-06 	               0 	   -0.0020646518
344000 	       35.693526 	               0 	       35.545918 	   9.6406203e-06 	               0 	   -0.0020646518
345000 	       35.898631 	               0 	       35.843868 	   1.4921631e-05 	               0 	   -0.0020646518
346000 	       35.791427 	               0 	       35.840571 	   3.0509872e-06 	               0 	   -0.0020646518
347000 	       35.685289 	               0 	       35.773222 	   1.0182132e-05 	               0 	   -0.0020646518
348000 	       35.579156 	               0 	       35.665047 	   6.8489982e-06 	               0 	   -0.0020646518
349000 	       35.471947 	               0 	       35.546854 	   7.7986246e-06 	               0 	   -0.0020646518
350000 	       35.365817 	               0 	       35.396676 	   3.0198325e-06 	               0 	   -0.0020646518
351000 	       35.259678 	               0 	       35.289379 	   1.5211561e-05 	               0 	   -0.0020646518
352000 	       35.213781 	               0 	        35.23758 	    5.622592e-06 	               0 	   -0.0020646518
353000 	       35.229199 	               0 	       35.206285 	   5.3861487e-06 	               0 	   -0.0020646518
354000 	       35.243541 	               0 	       35.219602 	   4.3739675e-06 	               0 	   -0.0020646518
355000 	        35.25896 	               0 	       35.238333 	   3.8082982e-05 	               0 	   -0.0020646518
356000 	       35.274019 	               0 	       35.277125 	   7.1887285e-06 	               0 	   -0.0020646518
357000 	       34.392673 	               0 	       34.736346 	   2.8634982e-06 	               0 	   -0.0020646518
358000 	       34.563347 	               0 	       34.502977 	    4.102267e-06 	               0 	   -0.0020646518
359000 	       34.730077 	               0 	       34.651085 	   3.5195582e-06 	               0 	   -0.0020646518
360000 	       34.302332 	               0 	       34.534642 	   9.9745098e-06 	               0 	   -0.0020646518
361000 	       34.107618 	               0 	       34.134346 	   3.5429972e-06 	               0 	   -0.0020646518
362000 	       34.257139 	               0 	       34.188197 	   5.2674754e-06 	               0 	   -0.0020646518
363000 	       34.407737 	               0 	       34.323874 	   1.2716966e-05 	               0 	   -0.0020646518
364000 	       34.255707 	               0 	       34.247794 	   2.8285627e-05 	               0 	   -0.0020646518
365000 	       34.434276 	               0 	       34.432866 	   1.4081095e-05 	               0 	   -0.0020646518
366000 	       34.137753 	               0 	       34.273017 	   5.1210104e-06 	               0 	   -0.0020646518
367000 	       33.969219 	               0 	       34.043204 	   3.2753451e-06 	               0 	   -0.0020646518
368000 	       34.005076 	               0 	       33.996559 	   6.0387961e-06 	               0 	   -0.0020646518
369000 	       34.039857 	               0 	       34.020961 	   1.6118207e-05 	               0 	   -0.0020646518
370000 	       34.075711 	               0 	       34.061299 	   2.6264849e-06 	               0 	   -0.0020646518
371000 	       34.062447 	               0 	       34.085476 	   2.2580167e-05 	               0 	   -0.0020646518
372000 	         33.8968 	               0 	       33.981419 	   3.5009291e-06 	               0 	   -0.0020646518
373000 	       33.730785 	               0 	       33.802789 	   4.3508489e-06 	               0 	   -0.0020646518
374000 	        33.56405 	               0 	       33.645483 	   2.3467149e-05 	               0 	   -0.0020646518
375000 	       32.545766 	               0 	       33.169302 	   8.7682744e-06 	               0 	   -0.0020646518
376000 	       32.525288 	               0 	       32.401207 	   8.2392935e-06 	               0 	   -0.0020646518
377000 	       33.298675 	               0 	        32.90574 	   2.8677147e-06 	               0 	   -0.0020646518
378000 	       32.405933 	               0 	       33.020058 	   7.1972849e-06 	               0 	   -0.0020646518
379000 	       33.140263 	               0 	       32.922149 	   2.4083599e-06 	               0 	   -0.0020646518
380000 	       32.487313 	               0 	       32.777799 	   5.3246395e-06 	               0 	   -0.0020646518
381000 	       33.125348 	               0 	       32.326069 	   2.8793248e-06 	               0 	   -0.0020646518
382000 	       33.852052 	               0 	        34.83352 	   3.2595315e-06 	               0 	   -0.0020646518
383000 	       33.732568 	               0 	       33.767519 	   2.6623031e-06 	               0 	   -0.0020646518
384000 	       32.095082 	               0 	       32.934736 	   5.1790767e-06 	               0 	   -0.0020646518
385000 	       40.162334 	               0 	       35.157339 	   4.2594044e-06 	               0 	   -0.0020646518
386000 	       37.513949 	               0 	       38.422235 	   1.1570966e-05 	               0 	   -0.0020646518
387000 	       35.693345 	               0 	       37.181467 	   6.5172396e-06 	               0 	   -0.0020646518
388000 	       32.798166 	               0 	       33.711521 	    4.311554e-05 	               0 	   -0.0020646518
389000 	       32.428856 	               0 	       32.679566 	   7.0886032e-06 	               0 	   -0.0020646518
390000 	       32.059553 	               0 	       32.254734 	   2.5331574e-06 	               0 	   -0.0020646518
391000 	       32.291151 	               0 	       32.104921 	   6.0785882e-06 	               0 	   -0.0020646518
392000 	       32.768734 	               0 	        32.52814 	   2.3663405e-06 	               0 	   -0.0020646518
393000 	        32.70818 	               0 	       32.794935 	   4.0964899e-06 	               0 	   -0.0020646518
394000 	       32.337781 	               0 	       31.117591 	   8.3809488e-06 	               0 	   -0.0020646518
395000 	       32.021528 	               0 	       32.083075 	    3.733361e-06 	               0 	   -0.0020646518
396000 	       32.639313 	               0 	       32.364389 	   4.9560991e-06 	               0 	   -0.0020646518
397000 	       33.315906 	               0 	       33.068399 	   6.8786794e-07 	               0 	   -0.0020646518
398000 	       32.934081 	               0 	         33.1781 	   1.0115953e-06 	               0 	   -0.0020646518
399000 	        32.36506 	               0 	       32.700129 	   8.9381024e-07 	               0 	   -0.0020646518
400000 	       31.831132 	               0 	       32.160058 	   4.6789571e-06 	               0 	   -0.0020646518
401000 	       31.893519 	               0 	        31.89334 	   3.8717548e-05 	               0 	   -0.0020646518
402000 	       32.026183 	               0 	       32.012564 	   1.9092354e-06 	               0 	   -0.0020646518
403000 	       31.771981 	               0 	       32.022506 	   2.1652329e-06 	               0 	   -0.0020646518
404000 	       31.275739 	               0 	       31.571416 	   1.5907002e-06 	               0 	   -0.0020646518
405000 	       32.019595 	               0 	       31.342236 	   2.7991396e-06 	               0 	   -0.0020646518
406000 	       31.862683 	               0 	       32.546377 	   0.00019499817 	               0 	   -0.0020646518
407000 	       32.069424 	               0 	       31.288419 	   1.0698086e-05 	               0 	   -0.0020646518
408000 	       30.492283 	               0 	       32.345868 	   3.1934666e-06 	               0 	   -0.0020646518
409000 	       29.724461 	               0 	       29.608607 	   1.6685934e-07 	               0 	   -0.0020646518
410000 	       32.609144 	               0 	       31.197407 	   4.5186293e-07 	               0 	   -0.0020646518
411000 	       31.674599 	               0 	       32.678518 	   2.3201713e-07 	               0 	   -0.0020646518
412000 	       28.392201 	               0 	       29.851645 	   1.7933219e-07 	               0 	   -0.0020646518
413000 	       28.356685 	               0 	       28.576669 	   1.3676048e-07 	               0 	   -0.0020646518
414000 	       28.404373 	               0 	       28.411744 	   1.9308151e-07 	               0 	   -0.0020646518
415000 	       28.452062 	               0 	       28.439919 	   1.7744672e-07 	               0 	   -0.0020646518
416000 	       28.439522 	               0 	       28.468606 	   2.1170555e-07 	               0 	   -0.0020646518
417000 	       28.230119 	               0 	       28.345572 	   5.1944557e-07 	               0 	   -0.0020646518
418000 	       28.026103 	               0 	       28.131644 	   1.2053821e-07 	               0 	   -0.0020646518
419000 	       28.039001 	               0 	       28.035856 	   2.1009691e-07 	               0 	   -0.0020646518
420000 	         28.0892 	               0 	       28.072883 	   2.4068896e-07 	               0 	   -0.0020646518
421000 	       28.139041 	               0 	        28.12578 	   5.2483626e-07 	               0 	   -0.0020646518
422000 	        28.15554 	               0 	       28.158091 	   1.4466449e-07 	               0 	   -0.0020646518
423000 	       28.034345 	               0 	       28.108123 	   3.3275758e-07 	               0 	   -0.0020646518
424000 	       27.911003 	               0 	        27.98563 	   1.9604544e-07 	               0 	   -0.0020646518
425000 	       27.786584 	               0 	       27.848029 	   4.1242815e-07 	               0 	   -0.0020646518
426000 	       27.663236 	               0 	       27.728769 	   1.1178695e-06 	               0 	   -0.0020646518
427000 	       27.538818 	               0 	       27.810045 	   2.6948578e-07 	               0 	   -0.0020646518
428000 	       27.415111 	               0 	       27.505746 	   1.2932869e-06 	               0 	   -0.0020646518
429000 	       27.291048 	               0 	       27.369994 	   2.5086271e-06 	               0 	   -0.0020646518
430000 	       27.166986 	               0 	       27.239494 	   1.1437926e-05 	               0 	   -0.0020646518
431000 	       27.043285 	               0 	       27.127705 	   6.6010624e-07 	               0 	   -0.0020646518
432000 	       26.919941 	               0 	       26.996684 	   5.8276409e-07 	               0 	   -0.0020646518
433000 	       26.795523 	               0 	        26.88045 	   3.1420061e-07 	               0 	   -0.0020646518
434000 	       26.671817 	               0 	       26.822762 	   8.1209941e-07 	               0 	   -0.0020646518
435000 	       26.547762 	               0 	       26.631201 	   1.6621404e-07 	               0 	   -0.0020646518
436000 	       26.530183 	               0 	        26.53332 	   2.2926752e-07 	               0 	   -0.0020646518
437000 	       26.557793 	               0 	        26.55548 	    3.307356e-07 	               0 	   -0.0020646518
438000 	       26.586477 	               0 	       26.580945 	   3.7643542e-07 	               0 	   -0.0020646518
439000 	       26.615162 	               0 	       26.609945 	   2.2571462e-07 	               0 	   -0.0020646518
440000 	       26.642772 	               0 	       26.634052 	   6.9723339e-07 	               0 	   -0.0020646518
441000 	       26.671457 	               0 	       26.666179 	   3.1214754e-06 	               0 	   -0.0020646518
442000 	        26.70014 	               0 	       26.691588 	   3.2896668e-07 	               0 	   -0.0020646518
443000 	       26.728109 	               0 	       26.719288 	   4.0493963e-06 	               0 	   -0.0020646518
444000 	       26.744603 	               0 	       26.742098 	   3.1142126e-06 	               0 	   -0.0020646518
445000 	       26.294639 	               0 	       26.532626 	   4.6546888e-07 	               0 	   -0.0020646518
446000 	       26.043978 	               0 	        26.69457 	   1.0611023e-05 	               0 	   -0.0020646518
447000 	       26.112101 	               0 	       26.152256 	   3.0608815e-07 	               0 	   -0.0020646518
448000 	        26.18023 	               0 	       26.180407 	   1.1365407e-05 	               0 	   -0.0020646518
449000 	       26.247637 	               0 	       26.222518 	   2.7103551e-07 	               0 	   -0.0020646518
450000 	       26.172344 	               0 	        26.23598 	   8.9267649e-07 	               0 	   -0.0020646518
451000 	       26.058685 	               0 	        26.11383 	   2.1278373e-07 	               0 	   -0.0020646518
452000 	       26.019954 	               0 	       26.112245 	   2.3302252e-07 	               0 	   -0.0020646518
453000 	       26.026049 	               0 	       26.049885 	   2.1026352e-07 	               0 	   -0.0020646518
454000 	       26.033221 	               0 	       26.054814 	   3.6803176e-07 	               0 	   -0.0020646518
455000 	       26.040392 	               0 	       26.109762 	    1.176821e-06 	               0 	   -0.0020646518
456000 	       26.046487 	               0 	       26.060074 	    5.387319e-07 	               0 	   -0.0020646518
457000 	       26.053659 	               0 	       26.041621 	   3.6038512e-06 	               0 	   -0.0020646518
458000 	        26.06083 	               0 	       26.057915 	   4.4924116e-07 	               0 	   -0.0020646518
459000 	       26.066925 	               0 	       26.079763 	   8.1149586e-07 	               0 	   -0.0020646518
460000 	       26.074096 	               0 	       26.058054 	   1.1216082e-06 	               0 	   -0.0020646518
461000 	       26.042902 	               0 	       26.048503 	   6.1193967e-06 	               0 	   -0.0020646518
462000 	       25.980873 	               0 	       26.083674 	   1.0813144e-06 	               0 	   -0.0020646518
463000 	       25.918485 	               0 	       25.980792 	   7.2640284e-07 	               0 	   -0.0020646518
464000 	       25.855737 	               0 	        25.93683 	   7.0152395e-07 	               0 	   -0.0020646518
465000 	       25.793703 	               0 	       25.833295 	    2.788767e-05 	               0 	   -0.0020646518
466000 	       25.731676 	               0 	       25.774423 	   7.7015304e-07 	               0 	   -0.0020646518
467000 	        24.33626 	               0 	       25.286941 	   1.3500587e-06 	               0 	   -0.0020646518
468000 	       22.846342 	               0 	       24.158093 	   0.00010590089 	               0 	   -0.0020646518
469000 	       26.317579 	               0 	       25.330659 	   8.6882602e-07 	               0 	   -0.0020646518
470000 	       26.970826 	               0 	       25.719811 	   2.2065756e-06 	               0 	   -0.0020646518
471000 	       24.990099 	               0 	       24.781254 	   1.1230384e-06 	               0 	   -0.0020646518
472000 	       23.475081 	               0 	       24.668815 	   6.2306009e-07 	               0 	   -0.0020646518
473000 	       22.924077 	               0 	        25.29921 	   2.5969819e-07 	               0 	   -0.0020646518
474000 	       24.762617 	               0 	       25.982144 	    2.173814e-07 	               0 	   -0.0020646518
475000 	       26.938511 	               0 	       24.990519 	   3.7757545e-07 	               0 	   -0.0020646518
476000 	       28.399518 	               0 	       26.518202 	   3.1694349e-07 	               0 	   -0.0020646518
477000 	       24.722516 	               0 	       27.273621 	   3.9218905e-07 	               0 	   -0.0020646518
478000 	       24.894778 	               0 	       24.919556 	   4.8832388e-07 	               0 	   -0.0020646518
479000 	       25.065466 	               0 	       24.975678 	   2.3432899e-07 	               0 	   -0.0020646518
480000 	        25.10957 	               0 	       24.993437 	   4.2842934e-07 	               0 	   -0.0020646518
481000 	       24.924629 	               0 	       25.085584 	   2.9469157e-07 	               0 	   -0.0020646518
482000 	       24.524369 	               0 	       24.577724 	   4.3013086e-07 	               0 	   -0.0020646518
483000 	       24.410385 	               0 	       24.630151 	   2.0138539e-06 	               0 	   -0.0020646518
484000 	       26.577539 	               0 	       27.253341 	   2.6025158e-06 	               0 	   -0.0020646518
485000 	       27.680403 	               0 	       25.734747 	   2.1109837e-06 	               0 	   -0.0020646518
486000 	       25.239606 	               0 	       25.077455 	   5.2942481e-07 	               0 	   -0.0020646518
487000 	       22.924251 	               0 	       25.278731 	   2.6655202e-07 	               0 	   -0.0020646518
488000 	       24.414289 	               0 	       25.195811 	    1.548057e-07 	               0 	   -0.0020646518
489000 	       25.877437 	               0 	       24.537717 	   3.4927193e-07 	               0 	   -0.0020646518
490000 	       23.562034 	               0 	       25.380421 	   2.6346714e-07 	               0 	   -0.0020646518
491000 	       25.952913 	               0 	       26.426285 	   6.2915875e-06 	               0 	   -0.0020646518
492000 	       27.896594 	               0 	        25.91482 	   1.0753585e-06 	               0 	   -0.0020646518
493000 	       23.171128 	               0 	       25.058643 	    5.707912e-07 	               0 	   -0.0020646518
494000 	       23.308292 	               0 	        24.04304 	   1.9305094e-07 	               0 	   -0.0020646518
495000 	       23.163443 	               0 	       23.362911 	    5.381276e-10 	               0 	   -0.0020646518
496000 	       25.545412 	               0 	       23.948575 	   3.0951536e-07 	               0 	   -0.0020646518
497000 	       25.004934 	               0 	       26.075331 	   7.0205103e-07 	               0 	   -0.0020646518
498000 	       27.718106 	               0 	       26.672314 	    4.723678e-07 	               0 	   -0.0020646518
499000 	       23.802534 	               0 	       24.999456 	   2.0316944e-07 	               0 	   -0.0020646518
500000 	       24.259069 	               0 	       24.194467 	   3.8736583e-07 	               0 	   -0.0020646518
501000 	       24.222137 	               0 	       24.484795 	   5.3414902e-07 	               0 	   -0.0020646518
502000 	       24.186283 	               0 	       24.072596 	    1.686211e-07 	               0 	   -0.0020646518
503000 	       24.149351 	               0 	       24.223543 	   1.6774877e-07 	               0 	   -0.0020646518
504000 	       24.113493 	               0 	       24.104062 	    1.161445e-06 	               0 	   -0.0020646518
505000 	       24.143966 	               0 	       24.037476 	   2.0115628e-07 	               0 	   -0.0020646518
506000 	       24.223565 	               0 	       24.172485 	   1.4474774e-07 	               0 	   -0.0020646518
507000 	        24.08771 	               0 	       24.115872 	   2.1048755e-07 	               0 	   -0.0020646518
508000 	       18.896551 	               0 	       17.164971 	               0 	               0 	   -0.0020646518
509000 	       13.823289 	               0 	        18.74214 	               0 	               0 	   -0.0020646518
510000 	       29.905591 	               0 	        18.94086 	               0 	               0 	   -0.0020646518
511000 	       29.642125 	               0 	       28.751631 	   2.4018802e-06 	               0 	   -0.0020646518
512000 	       29.219777 	               0 	       29.449209 	   2.6571987e-07 	               0 	   -0.0020646518
513000 	       28.984166 	               0 	       29.122719 	   3.6489023e-07 	               0 	   -0.0020646518
514000 	       28.984166 	               0 	       29.017889 	   1.0350845e-06 	               0 	   -0.0020646518
515000 	       28.984166 	               0 	       28.932954 	   3.5357558e-07 	               0 	   -0.0020646518
516000 	       28.984166 	               0 	       28.830041 	    3.809216e-07 	               0 	   -0.0020646518
517000 	       28.984166 	               0 	       28.943807 	   3.2335643e-07 	               0 	   -0.0020646518
518000 	       28.954769 	               0 	       28.993037 	   2.9173447e-07 	               0 	   -0.0020646518
519000 	       28.872297 	               0 	        29.03448 	   7.9163972e-07 	               0 	   -0.0020646518
520000 	        28.78983 	               0 	       28.658675 	   4.8019003e-07 	               0 	   -0.0020646518
521000 	       28.707364 	               0 	       28.702028 	   2.4123682e-07 	               0 	   -0.0020646518
522000 	       28.623814 	               0 	       28.575102 	   4.9432694e-06 	               0 	   -0.0020646518
523000 	       28.593338 	               0 	       28.435643 	    2.812301e-07 	               0 	   -0.0020646518
524000 	       28.570031 	               0 	       28.623222 	   4.4724836e-07 	               0 	   -0.0020646518
525000 	       28.479686 	               0 	       28.725906 	   2.2672095e-07 	               0 	   -0.0020646518
526000 	       27.944397 	               0 	       28.176283 	   4.4923167e-07 	               0 	   -0.0020646518
527000 	       26.169524 	               0 	       26.982276 	   4.3243971e-07 	               0 	   -0.0020646518
528000 	       24.878343 	               0 	       25.677097 	   1.8330425e-07 	               0 	   -0.0020646518
529000 	       23.924186 	               0 	       24.282541 	   4.6650573e-07 	               0 	   -0.0020646518
530000 	       23.156179 	               0 	       23.798104 	   3.5613382e-07 	               0 	   -0.0020646518
531000 	        22.98403 	               0 	        18.18903 	               0 	               0 	   -0.0020646518
532000 	       22.677485 	               0 	       18.681477 	               0 	               0 	   -0.0020646518
533000 	       22.289158 	               0 	       24.087439 	   1.2943454e-07 	               0 	   -0.0020646518
534000 	       22.253638 	               0 	       23.600707 	   7.1116802e-08 	               0 	   -0.0020646518
535000 	        22.33791 	               0 	       23.615776 	   1.3738069e-07 	               0 	   -0.0020646518
536000 	       21.995507 	               0 	       24.043069 	   5.4999918e-08 	               0 	   -0.0020646518
537000 	       21.870702 	               0 	       22.820698 	   1.0424442e-06 	               0 	   -0.0020646518
538000 	       21.870702 	               0 	       22.980409 	   2.8866686e-07 	               0 	   -0.0020646518
539000 	       21.870702 	               0 	       23.139989 	    4.294362e-07 	               0 	   -0.0020646518
540000 	       21.870702 	               0 	       17.776138 	               0 	               0 	   -0.0020646518
541000 	       21.870702 	               0 	       23.124935 	   2.6517361e-07 	               0 	   -0.0020646518
542000 	       21.790044 	               0 	        23.62266 	   2.4751333e-08 	               0 	   -0.0020646518
543000 	        21.47272 	               0 	       23.058055 	   7.2191597e-08 	               0 	   -0.0020646518
544000 	       21.306689 	               0 	       17.276605 	               0 	               0 	   -0.0020646518
545000 	       21.280873 	               0 	       17.025957 	               0 	               0 	   -0.0020646518
546000 	       21.272625 	               0 	       22.805974 	   1.0840679e-06 	               0 	   -0.0020646518
547000 	       21.309913 	               0 	       17.025295 	               0 	               0 	   -0.0020646518
548000 	        21.34828 	               0 	       17.254297 	               0 	               0 	   -0.0020646518
549000 	       21.385571 	               0 	       22.645684 	   6.4690748e-06 	               0 	   -0.0020646518
550000 	       21.423578 	               0 	       22.710451 	   4.6738093e-07 	               0 	   -0.0020646518
551000 	       19.071515 	               0 	       22.207287 	   2.2303724e-07 	               0 	   -0.0020646518
552000 	        22.52353 	               0 	         16.7831 	               0 	               0 	   -0.0020646518
553000 	       21.750587 	               0 	       23.598501 	   1.0468468e-06 	               0 	   -0.0020646518
554000 	       20.315107 	               0 	       22.322971 	   1.6933363e-07 	               0 	   -0.0020646518
555000 	       21.019828 	               0 	       22.419064 	   8.3021971e-07 	               0 	   -0.0020646518
556000 	       21.388806 	               0 	        17.11366 	               0 	               0 	   -0.0020646518
557000 	       21.120816 	               0 	       22.435718 	    1.048216e-07 	               0 	   -0.0020646518
558000 	       21.972001 	               0 	       23.521395 	   3.0139395e-07 	               0 	   -0.0020646518
559000 	       21.410363 	               0 	       17.726334 	               0 	               0 	   -0.0020646518
560000 	       20.444682 	               0 	       21.896996 	   1.1849826e-07 	               0 	   -0.0020646518
561000 	       21.203781 	               0 	        22.11271 	   1.6625808e-07 	               0 	   -0.0020646518
562000 	       21.203781 	               0 	       17.300075 	               0 	               0 	   -0.0020646518
563000 	       21.203781 	               0 	        22.44528 	   1.1569542e-07 	               0 	   -0.0020646518
564000 	       21.203781 	               0 	       22.270214 	   1.4939145e-07 	               0 	   -0.0020646518
565000 	       21.203781 	               0 	       17.422031 	               0 	               0 	   -0.0020646518
566000 	       21.732504 	               0 	       22.379149 	   8.2425571e-08 	               0 	   -0.0020646518
567000 	       24.152214 	               0 	       23.511021 	   2.8986142e-06 	               0 	   -0.0020646518
568000 	       23.793676 	               0 	       23.898732 	   1.8547244e-07 	               0 	   -0.0020646518
569000 	       23.551984 	               0 	       20.019232 	               0 	               0 	   -0.0020646518
570000 	       25.526875 	               0 	       24.426109 	   4.5977184e-07 	               0 	   -0.0020646518
571000 	        23.15068 	               0 	       23.959258 	    4.162028e-07 	               0 	   -0.0020646518
572000 	       25.614771 	               0 	       24.709909 	   7.1424304e-07 	               0 	   -0.0020646518
573000 	        25.76788 	               0 	       25.519688 	   2.3299949e-07 	               0 	   -0.0020646518
574000 	       25.987696 	               0 	       26.514235 	   2.3281567e-07 	               0 	   -0.0020646518
575000 	       28.253252 	               0 	        27.83862 	   3.0327759e-07 	               0 	   -0.0020646518
576000 	       26.867242 	               0 	       27.219131 	   2.7619896e-07 	               0 	   -0.0020646518
577000 	       26.659988 	               0 	       26.693384 	   4.0848746e-07 	               0 	   -0.0020646518
578000 	       26.618391 	               0 	       26.585204 	   2.6653374e-07 	               0 	   -0.0020646518
579000 	       26.600462 	               0 	       26.603623 	   9.0334687e-07 	               0 	   -0.0020646518
580000 	       26.583611 	               0 	        26.78307 	   2.6238988e-07 	               0 	   -0.0020646518
581000 	       26.566758 	               0 	       26.492483 	   4.7428706e-07 	               0 	   -0.0020646518
582000 	        26.54883 	               0 	       26.675952 	   5.8107701e-07 	               0 	   -0.0020646518
583000 	       26.531978 	               0 	       26.453025 	   2.6927386e-07 	               0 	   -0.0020646518
584000 	       26.515126 	               0 	       26.619273 	   3.1479362e-07 	               0 	   -0.0020646518
585000 	       26.498273 	               0 	        26.66653 	   6.7052196e-07 	               0 	   -0.0020646518
586000 	       26.480345 	               0 	       26.544543 	   7.0174644e-07 	               0 	   -0.0020646518
587000 	       26.463492 	               0 	        26.58559 	   1.9291114e-06 	               0 	   -0.0020646518
588000 	       26.413297 	               0 	        26.61273 	   5.2856086e-07 	               0 	   -0.0020646518
589000 	       26.113181 	               0 	       26.220599 	   4.0355725e-06 	               0 	   -0.0020646518
590000 	       25.951111 	               0 	       25.968442 	   4.7562988e-07 	               0 	   -0.0020646518
591000 	       25.945374 	               0 	       26.108376 	   2.3086325e-07 	               0 	   -0.0020646518
592000 	       25.939637 	               0 	       25.925332 	   5.2322686e-07 	               0 	   -0.0020646518
593000 	       25.934259 	               0 	       25.887287 	   3.1857959e-07 	               0 	   -0.0020646518
594000 	       25.929239 	               0 	       25.864977 	   1.8095664e-06 	               0 	   -0.0020646518
595000 	       25.923143 	               0 	       25.860288 	   2.9923485e-07 	               0 	   -0.0020646518
596000 	       25.917765 	               0 	       25.819601 	   3.1958978e-06 	               0 	   -0.0020646518
597000 	       25.912028 	               0 	       25.830388 	   4.2165163e-07 	               0 	   -0.0020646518
598000 	       25.907008 	               0 	       26.071827 	   3.0486222e-07 	               0 	   -0.0020646518
599000 	       25.900912 	               0 	       25.848978 	   2.0861636e-06 	               0 	   -0.0020646518
600000 	       25.895893 	               0 	       25.852831 	   2.2529934e-07 	               0 	   -0.0020646518
601000 	       25.890156 	               0 	       25.818255 	   3.2309347e-07 	               0 	   -0.0020646518
602000 	       25.884777 	               0 	       26.049716 	   6.8418763e-07 	               0 	   -0.0020646518
603000 	       25.879757 	               0 	       25.859347 	   5.6056311e-07 	               0 	   -0.0020646518
604000 	       25.873662 	               0 	       25.800348 	   4.3342302e-07 	               0 	   -0.0020646518
